[0, 349, 808, 1031]
[0, 349, 809, 1030]
[0, 349, 730, 1079]
[0, 349, 731, 1078]
[0, 349, 796, 1043]
[0, 349, 797, 1042]
[0, 352, 801, 1030]
[0, 352, 730, 1071]
[0, 352, 796, 1035]
[0, 353, 796, 1033]
[0, 353, 797, 1032]
[0, 353, 798, 1031]
[0, 353, 799, 1030]
[0, 353, 730, 1069]
[0, 353, 731, 1068]
[0, 355, 809, 1024]
[0, 355, 724, 1079]
[0, 355, 790, 1043]
[0, 359, 786, 1043]
[0, 359, 787, 1042]
[0, 359, 808, 1021]
[0, 359, 809, 1020]
[0, 359, 720, 1079]
[0, 359, 721, 1078]
[0, 362, 808, 991]
[0, 362, 757, 1042]
[0, 362, 730, 1054]
[0, 363, 808, 989]
[0, 363, 809, 988]
[0, 363, 730, 1052]
[0, 363, 731, 1051]
[0, 363, 754, 1043]
[0, 363, 755, 1042]
[0, 366, 798, 991]
[0, 366, 801, 988]
[0, 366, 730, 1044]
[0, 366, 754, 1035]
[0, 366, 757, 1032]
[0, 367, 801, 987]
[0, 367, 724, 1054]
[0, 367, 753, 1035]
[0, 368, 799, 987]
[0, 368, 809, 970]
[0, 368, 724, 1052]
[0, 368, 736, 1043]
[0, 368, 753, 1033]
[0, 371, 801, 983]
[0, 371, 808, 967]
[0, 371, 720, 1054]
[0, 371, 733, 1042]
[0, 371, 749, 1035]
[0, 372, 707, 1079]
[0, 372, 797, 987]
[0, 372, 753, 1031]
[0, 376, 796, 984]
[0, 376, 797, 983]
[0, 376, 703, 1079]
[0, 376, 704, 1078]
[0, 376, 749, 1031]
[0, 376, 750, 1030]
[0, 377, 790, 991]
[0, 377, 707, 1071]
[0, 377, 757, 1024]
[0, 378, 790, 989]
[0, 378, 797, 970]
[0, 378, 707, 1069]
[0, 378, 736, 1031]
[0, 378, 755, 1024]
[0, 381, 786, 991]
[0, 381, 796, 967]
[0, 381, 703, 1071]
[0, 381, 733, 1030]
[0, 381, 757, 1020]
[0, 382, 787, 987]
[0, 382, 790, 984]
[0, 382, 697, 1079]
[0, 382, 750, 1024]
[0, 382, 753, 1021]
[0, 386, 809, 951]
[0, 386, 693, 1079]
[0, 386, 797, 963]
[0, 387, 796, 964]
[0, 387, 797, 962]
[0, 387, 808, 952]
[0, 387, 809, 950]
[0, 387, 692, 1079]
[0, 387, 694, 1078]
[0, 396, 796, 955]
[0, 396, 800, 951]
[0, 396, 801, 950]
[0, 396, 692, 1071]
[0, 396, 693, 1070]
[0, 397, 797, 954]
[0, 397, 799, 951]
[0, 397, 801, 949]
[0, 397, 691, 1071]
[0, 397, 693, 1069]
[0, 399, 801, 948]
[0, 399, 680, 1079]
[0, 399, 809, 938]
[0, 399, 690, 1071]
[0, 400, 790, 964]
[0, 400, 800, 948]
[0, 400, 679, 1079]
[0, 400, 809, 937]
[0, 400, 690, 1070]
[0, 402, 790, 963]
[0, 402, 680, 1078]
[0, 402, 808, 938]
[0, 403, 790, 961]
[0, 403, 798, 948]
[0, 403, 678, 1078]
[0, 403, 808, 936]
[0, 403, 690, 1068]
[0, 408, 788, 963]
[0, 408, 673, 1078]
[0, 408, 801, 945]
[0, 408, 808, 931]
[0, 408, 687, 1071]
[0, 409, 787, 963]
[0, 409, 670, 1079]
[0, 409, 801, 944]
[0, 409, 809, 928]
[0, 409, 686, 1071]
[0, 410, 786, 964]
[0, 410, 787, 962]
[0, 410, 788, 961]
[0, 410, 669, 1079]
[0, 410, 798, 947]
[0, 410, 672, 1078]
[0, 410, 800, 944]
[0, 410, 799, 945]
[0, 410, 808, 930]
[0, 410, 809, 927]
[0, 410, 686, 1070]
[0, 410, 687, 1069]
[0, 410, 689, 1068]
[0, 425, 808, 911]
[0, 425, 692, 1054]
[0, 425, 693, 1053]
[0, 425, 756, 963]
[0, 425, 757, 962]
[0, 426, 809, 910]
[0, 426, 691, 1054]
[0, 426, 693, 1052]
[0, 426, 755, 963]
[0, 426, 757, 961]
[0, 430, 800, 909]
[0, 430, 801, 908]
[0, 430, 679, 1054]
[0, 430, 680, 1053]
[0, 430, 753, 955]
[0, 431, 799, 909]
[0, 431, 801, 907]
[0, 431, 678, 1054]
[0, 431, 680, 1052]
[0, 431, 809, 892]
[0, 431, 690, 1044]
[0, 433, 798, 909]
[0, 433, 680, 1051]
[0, 433, 808, 892]
[0, 433, 736, 963]
[0, 433, 753, 954]
[0, 434, 669, 1054]
[0, 434, 798, 902]
[0, 434, 800, 899]
[0, 434, 673, 1051]
[0, 434, 801, 898]
[0, 434, 670, 1053]
[0, 434, 808, 888]
[0, 434, 687, 1044]
[0, 434, 732, 963]
[0, 434, 733, 962]
[0, 434, 749, 955]
[0, 434, 751, 954]
[0, 435, 644, 1079]
[0, 435, 668, 1054]
[0, 435, 797, 909]
[0, 435, 757, 948]
[0, 436, 643, 1079]
[0, 436, 668, 1053]
[0, 436, 797, 908]
[0, 436, 753, 952]
[0, 436, 756, 948]
[0, 438, 644, 1078]
[0, 438, 796, 909]
[0, 438, 753, 951]
[0, 439, 642, 1078]
[0, 439, 796, 907]
[0, 439, 668, 1051]
[0, 439, 753, 949]
[0, 439, 754, 948]
[0, 444, 665, 1054]
[0, 444, 796, 902]
[0, 444, 751, 951]
[0, 444, 757, 945]
[0, 444, 637, 1078]
[0, 445, 664, 1054]
[0, 445, 797, 899]
[0, 445, 750, 951]
[0, 445, 757, 944]
[0, 445, 634, 1079]
[0, 446, 664, 1053]
[0, 446, 665, 1052]
[0, 446, 667, 1051]
[0, 446, 796, 901]
[0, 446, 797, 898]
[0, 446, 749, 952]
[0, 446, 750, 950]
[0, 446, 751, 949]
[0, 446, 754, 947]
[0, 446, 755, 945]
[0, 446, 756, 944]
[0, 446, 633, 1079]
[0, 446, 636, 1078]
[0, 452, 643, 1071]
[0, 452, 644, 1070]
[0, 452, 790, 911]
[0, 452, 756, 938]
[0, 452, 757, 937]
[0, 453, 642, 1071]
[0, 453, 644, 1069]
[0, 453, 668, 1044]
[0, 453, 797, 892]
[0, 453, 755, 938]
[0, 453, 757, 936]
[0, 455, 644, 1068]
[0, 455, 790, 910]
[0, 455, 796, 892]
[0, 455, 736, 951]
[0, 455, 754, 938]
[0, 456, 786, 911]
[0, 456, 788, 910]
[0, 456, 665, 1044]
[0, 456, 796, 888]
[0, 456, 732, 951]
[0, 456, 733, 950]
[0, 456, 754, 931]
[0, 456, 756, 928]
[0, 456, 757, 927]
[0, 456, 633, 1071]
[0, 456, 634, 1070]
[0, 456, 637, 1068]
[0, 457, 660, 1054]
[0, 457, 788, 909]
[0, 457, 790, 902]
[0, 457, 751, 938]
[0, 457, 753, 931]
[0, 457, 631, 1071]
[0, 458, 659, 1054]
[0, 458, 787, 909]
[0, 458, 733, 948]
[0, 458, 621, 1079]
[0, 458, 750, 938]
[0, 458, 630, 1071]
[0, 459, 659, 1053]
[0, 459, 660, 1052]
[0, 459, 787, 908]
[0, 459, 788, 907]
[0, 459, 790, 901]
[0, 459, 732, 948]
[0, 459, 736, 947]
[0, 459, 620, 1079]
[0, 459, 750, 937]
[0, 459, 751, 936]
[0, 459, 753, 930]
[0, 459, 630, 1070]
[0, 459, 631, 1069]
[0, 460, 786, 909]
[0, 460, 790, 899]
[0, 460, 621, 1078]
[0, 460, 749, 938]
[0, 460, 753, 928]
[0, 462, 690, 1030]
[0, 462, 730, 948]
[0, 462, 668, 1042]
[0, 466, 665, 1043]
[0, 466, 667, 1042]
[0, 466, 687, 1031]
[0, 466, 689, 1030]
[0, 466, 730, 947]
[0, 466, 731, 945]
[0, 472, 668, 1035]
[0, 472, 680, 1031]
[0, 472, 731, 938]
[0, 473, 668, 1034]
[0, 473, 679, 1031]
[0, 473, 694, 1024]
[0, 473, 724, 952]
[0, 473, 731, 937]
[0, 475, 680, 1030]
[0, 475, 693, 1024]
[0, 475, 724, 951]
[0, 475, 730, 938]
[0, 476, 668, 1032]
[0, 476, 678, 1030]
[0, 476, 691, 1024]
[0, 476, 724, 949]
[0, 476, 730, 936]
[0, 481, 665, 1035]
[0, 481, 673, 1030]
[0, 481, 693, 1022]
[0, 481, 722, 951]
[0, 481, 730, 931]
[0, 482, 664, 1035]
[0, 482, 670, 1031]
[0, 482, 693, 1021]
[0, 482, 721, 951]
[0, 482, 731, 928]
[0, 483, 664, 1034]
[0, 483, 665, 1033]
[0, 483, 667, 1032]
[0, 483, 669, 1031]
[0, 483, 672, 1030]
[0, 483, 691, 1022]
[0, 483, 692, 1021]
[0, 483, 694, 1020]
[0, 483, 720, 952]
[0, 483, 721, 950]
[0, 483, 722, 949]
[0, 483, 730, 930]
[0, 483, 731, 927]
[0, 484, 660, 1043]
[0, 484, 689, 1024]
[0, 484, 690, 1022]
[0, 484, 722, 948]
[0, 484, 724, 947]
[0, 485, 659, 1042]
[0, 485, 686, 1024]
[0, 485, 690, 1020]
[0, 485, 720, 948]
[0, 485, 724, 944]
[0, 501, 644, 1043]
[0, 501, 690, 991]
[0, 501, 731, 909]
[0, 502, 643, 1043]
[0, 502, 690, 990]
[0, 502, 694, 987]
[0, 502, 707, 964]
[0, 502, 731, 908]
[0, 504, 644, 1042]
[0, 504, 693, 987]
[0, 504, 707, 963]
[0, 504, 730, 909]
[0, 505, 642, 1042]
[0, 505, 690, 988]
[0, 505, 691, 987]
[0, 505, 707, 961]
[0, 505, 730, 907]
[0, 510, 687, 991]
[0, 510, 693, 985]
[0, 510, 705, 963]
[0, 510, 730, 902]
[0, 510, 637, 1042]
[0, 511, 686, 991]
[0, 511, 693, 984]
[0, 511, 704, 963]
[0, 511, 731, 899]
[0, 511, 634, 1043]
[0, 512, 686, 990]
[0, 512, 687, 989]
[0, 512, 689, 988]
[0, 512, 691, 985]
[0, 512, 692, 984]
[0, 512, 694, 983]
[0, 512, 703, 964]
[0, 512, 704, 962]
[0, 512, 705, 961]
[0, 512, 730, 901]
[0, 512, 731, 898]
[0, 512, 633, 1043]
[0, 512, 636, 1042]
[0, 518, 643, 1035]
[0, 518, 644, 1034]
[0, 518, 679, 991]
[0, 518, 680, 990]
[0, 518, 707, 955]
[0, 518, 724, 911]
[0, 519, 642, 1035]
[0, 519, 644, 1033]
[0, 519, 678, 991]
[0, 519, 680, 989]
[0, 519, 731, 892]
[0, 521, 644, 1032]
[0, 521, 680, 988]
[0, 521, 693, 970]
[0, 521, 707, 954]
[0, 521, 724, 910]
[0, 521, 730, 892]
[0, 522, 669, 991]
[0, 522, 670, 990]
[0, 522, 673, 988]
[0, 522, 692, 967]
[0, 522, 693, 966]
[0, 522, 703, 955]
[0, 522, 705, 954]
[0, 522, 720, 911]
[0, 522, 722, 910]
[0, 522, 730, 888]
[0, 522, 633, 1035]
[0, 522, 634, 1034]
[0, 522, 637, 1032]
[0, 523, 673, 987]
[0, 523, 680, 985]
[0, 523, 722, 909]
[0, 523, 724, 902]
[0, 523, 631, 1035]
[0, 524, 680, 984]
[0, 524, 690, 967]
[0, 524, 721, 909]
[0, 524, 621, 1043]
[0, 524, 630, 1035]
[0, 525, 672, 987]
[0, 525, 678, 985]
[0, 525, 679, 984]
[0, 525, 689, 970]
[0, 525, 690, 966]
[0, 525, 697, 964]
[0, 525, 721, 908]
[0, 525, 722, 907]
[0, 525, 724, 901]
[0, 525, 620, 1043]
[0, 525, 630, 1034]
[0, 525, 631, 1033]
[0, 526, 670, 987]
[0, 526, 680, 983]
[0, 526, 697, 963]
[0, 526, 720, 909]
[0, 526, 724, 899]
[0, 526, 621, 1042]
[0, 528, 667, 987]
[0, 528, 668, 985]
[0, 528, 705, 948]
[0, 528, 707, 947]
[0, 528, 631, 1031]
[0, 529, 664, 987]
[0, 529, 668, 983]
[0, 529, 703, 948]
[0, 529, 707, 944]
[0, 529, 630, 1030]
[0, 535, 644, 1022]
[0, 535, 660, 991]
[0, 535, 705, 938]
[0, 535, 707, 931]
[0, 535, 637, 1024]
[0, 536, 644, 1021]
[0, 536, 659, 991]
[0, 536, 668, 967]
[0, 536, 704, 938]
[0, 536, 621, 1031]
[0, 537, 642, 1022]
[0, 537, 643, 1021]
[0, 537, 659, 990]
[0, 537, 660, 989]
[0, 537, 667, 970]
[0, 537, 668, 966]
[0, 537, 697, 952]
[0, 537, 704, 937]
[0, 537, 705, 936]
[0, 537, 707, 930]
[0, 537, 620, 1031]
[0, 537, 636, 1024]
[0, 538, 644, 1020]
[0, 538, 697, 951]
[0, 538, 703, 938]
[0, 538, 707, 928]
[0, 538, 621, 1030]
[0, 538, 634, 1024]
[1, 348, 808, 1031]
[1, 348, 809, 1030]
[1, 348, 730, 1079]
[1, 348, 731, 1078]
[1, 348, 796, 1043]
[1, 348, 797, 1042]
[1, 350, 802, 1031]
[1, 350, 731, 1072]
[1, 350, 797, 1036]
[1, 351, 796, 1033]
[1, 351, 797, 1032]
[1, 351, 798, 1031]
[1, 351, 799, 1030]
[1, 351, 730, 1069]
[1, 351, 731, 1068]
[1, 356, 808, 1023]
[1, 356, 723, 1078]
[1, 356, 789, 1042]
[1, 358, 786, 1043]
[1, 358, 787, 1042]
[1, 358, 808, 1021]
[1, 358, 809, 1020]
[1, 358, 720, 1079]
[1, 358, 721, 1078]
[1, 360, 809, 992]
[1, 360, 758, 1043]
[1, 360, 731, 1055]
[1, 361, 808, 989]
[1, 361, 809, 988]
[1, 361, 730, 1052]
[1, 361, 731, 1051]
[1, 361, 754, 1043]
[1, 361, 755, 1042]
[1, 365, 799, 992]
[1, 365, 802, 989]
[1, 365, 731, 1045]
[1, 365, 755, 1036]
[1, 365, 758, 1033]
[1, 367, 802, 986]
[1, 367, 723, 1055]
[1, 367, 752, 1036]
[1, 369, 802, 984]
[1, 369, 809, 969]
[1, 369, 721, 1055]
[1, 369, 735, 1043]
[1, 369, 750, 1036]
[1, 370, 798, 986]
[1, 370, 808, 968]
[1, 370, 723, 1051]
[1, 370, 734, 1042]
[1, 370, 752, 1032]
[1, 373, 706, 1078]
[1, 373, 752, 1030]
[1, 373, 796, 986]
[1, 375, 796, 984]
[1, 375, 797, 983]
[1, 375, 703, 1079]
[1, 375, 704, 1078]
[1, 375, 749, 1031]
[1, 375, 750, 1030]
[1, 377, 789, 992]
[1, 377, 706, 1072]
[1, 377, 758, 1023]
[1, 379, 787, 992]
[1, 379, 797, 969]
[1, 379, 704, 1072]
[1, 379, 735, 1031]
[1, 379, 758, 1021]
[1, 380, 789, 988]
[1, 380, 796, 968]
[1, 380, 706, 1068]
[1, 380, 734, 1030]
[1, 380, 754, 1023]
[1, 383, 786, 986]
[1, 383, 789, 983]
[1, 383, 696, 1078]
[1, 383, 749, 1023]
[1, 383, 752, 1020]
[1, 384, 808, 953]
[1, 384, 695, 1078]
[1, 384, 796, 965]
[1, 385, 796, 964]
[1, 385, 797, 962]
[1, 385, 808, 952]
[1, 385, 809, 950]
[1, 385, 692, 1079]
[1, 385, 694, 1078]
[1, 394, 797, 957]
[1, 394, 800, 953]
[1, 394, 802, 952]
[1, 394, 694, 1072]
[1, 394, 695, 1070]
[1, 395, 796, 956]
[1, 395, 798, 953]
[1, 395, 802, 949]
[1, 395, 691, 1072]
[1, 395, 695, 1068]
[1, 399, 789, 965]
[1, 399, 677, 1079]
[1, 399, 809, 935]
[1, 401, 788, 965]
[1, 401, 802, 947]
[1, 401, 676, 1079]
[1, 401, 809, 934]
[1, 401, 689, 1072]
[1, 402, 802, 946]
[1, 402, 677, 1078]
[1, 402, 808, 935]
[1, 402, 688, 1072]
[1, 404, 786, 965]
[1, 404, 802, 944]
[1, 404, 675, 1078]
[1, 404, 808, 933]
[1, 404, 686, 1072]
[1, 405, 789, 962]
[1, 405, 800, 946]
[1, 405, 674, 1078]
[1, 405, 808, 932]
[1, 405, 688, 1070]
[1, 406, 789, 961]
[1, 406, 799, 946]
[1, 406, 671, 1079]
[1, 406, 809, 929]
[1, 406, 688, 1069]
[1, 407, 786, 964]
[1, 407, 787, 962]
[1, 407, 788, 961]
[1, 407, 669, 1079]
[1, 407, 798, 947]
[1, 407, 672, 1078]
[1, 407, 800, 944]
[1, 407, 799, 945]
[1, 407, 808, 930]
[1, 407, 809, 927]
[1, 407, 686, 1070]
[1, 407, 687, 1069]
[1, 407, 689, 1068]
[1, 423, 809, 913]
[1, 423, 694, 1055]
[1, 423, 695, 1053]
[1, 423, 756, 965]
[1, 423, 758, 964]
[1, 424, 808, 912]
[1, 424, 691, 1055]
[1, 424, 695, 1051]
[1, 424, 754, 965]
[1, 424, 758, 961]
[1, 430, 800, 906]
[1, 430, 674, 1055]
[1, 430, 802, 903]
[1, 430, 677, 1053]
[1, 430, 752, 957]
[1, 431, 799, 906]
[1, 431, 677, 1052]
[1, 431, 809, 891]
[1, 431, 734, 965]
[1, 431, 752, 956]
[1, 432, 799, 905]
[1, 432, 672, 1055]
[1, 432, 800, 904]
[1, 432, 802, 901]
[1, 432, 675, 1053]
[1, 432, 676, 1052]
[1, 432, 809, 889]
[1, 432, 689, 1045]
[1, 432, 732, 965]
[1, 432, 735, 964]
[1, 432, 750, 957]
[1, 432, 751, 956]
[1, 433, 798, 906]
[1, 433, 671, 1055]
[1, 433, 802, 900]
[1, 433, 677, 1051]
[1, 433, 808, 891]
[1, 433, 688, 1045]
[1, 435, 641, 1079]
[1, 435, 797, 906]
[1, 435, 752, 953]
[1, 437, 640, 1079]
[1, 437, 667, 1055]
[1, 437, 797, 905]
[1, 437, 751, 953]
[1, 437, 758, 947]
[1, 438, 641, 1078]
[1, 438, 666, 1055]
[1, 438, 796, 906]
[1, 438, 758, 946]
[1, 440, 664, 1055]
[1, 440, 796, 904]
[1, 440, 749, 953]
[1, 440, 758, 944]
[1, 440, 639, 1078]
[1, 441, 666, 1053]
[1, 441, 796, 903]
[1, 441, 752, 950]
[1, 441, 756, 946]
[1, 441, 638, 1078]
[1, 442, 666, 1052]
[1, 442, 797, 900]
[1, 442, 752, 949]
[1, 442, 755, 946]
[1, 442, 635, 1079]
[1, 443, 664, 1053]
[1, 443, 665, 1052]
[1, 443, 667, 1051]
[1, 443, 796, 901]
[1, 443, 797, 898]
[1, 443, 749, 952]
[1, 443, 750, 950]
[1, 443, 751, 949]
[1, 443, 754, 947]
[1, 443, 755, 945]
[1, 443, 756, 944]
[1, 443, 633, 1079]
[1, 443, 636, 1078]
[1, 452, 641, 1070]
[1, 452, 789, 913]
[1, 452, 756, 935]
[1, 452, 758, 932]
[1, 452, 638, 1072]
[1, 453, 641, 1069]
[1, 453, 789, 912]
[1, 453, 797, 891]
[1, 453, 734, 953]
[1, 453, 755, 935]
[1, 454, 640, 1069]
[1, 454, 787, 913]
[1, 454, 788, 912]
[1, 454, 667, 1045]
[1, 454, 797, 889]
[1, 454, 732, 953]
[1, 454, 735, 952]
[1, 454, 755, 934]
[1, 454, 756, 933]
[1, 454, 758, 930]
[1, 454, 636, 1072]
[1, 454, 639, 1070]
[1, 455, 641, 1068]
[1, 455, 666, 1045]
[1, 455, 796, 891]
[1, 455, 635, 1072]
[1, 455, 754, 935]
[1, 455, 758, 929]
[1, 457, 658, 1055]
[1, 457, 788, 906]
[1, 457, 789, 905]
[1, 457, 751, 935]
[1, 457, 752, 934]
[1, 457, 629, 1072]
[1, 458, 787, 906]
[1, 458, 789, 904]
[1, 458, 619, 1079]
[1, 458, 750, 935]
[1, 458, 752, 933]
[1, 460, 657, 1055]
[1, 460, 786, 906]
[1, 460, 735, 946]
[1, 460, 619, 1078]
[1, 460, 749, 935]
[1, 460, 628, 1072]
[1, 461, 657, 1053]
[1, 461, 658, 1051]
[1, 461, 786, 903]
[1, 461, 788, 900]
[1, 461, 789, 898]
[1, 461, 732, 946]
[1, 461, 734, 945]
[1, 461, 618, 1078]
[1, 461, 749, 932]
[1, 461, 751, 929]
[1, 461, 752, 927]
[1, 461, 628, 1070]
[1, 461, 629, 1068]
[1, 463, 688, 1031]
[1, 463, 666, 1043]
[1, 463, 731, 946]
[1, 465, 665, 1043]
[1, 465, 667, 1042]
[1, 465, 687, 1031]
[1, 465, 689, 1030]
[1, 465, 730, 947]
[1, 465, 731, 945]
[1, 472, 677, 1031]
[1, 472, 695, 1023]
[1, 472, 723, 953]
[1, 472, 731, 935]
[1, 474, 667, 1036]
[1, 474, 676, 1031]
[1, 474, 695, 1022]
[1, 474, 722, 953]
[1, 474, 731, 934]
[1, 475, 666, 1036]
[1, 475, 677, 1030]
[1, 475, 730, 935]
[1, 477, 664, 1036]
[1, 477, 675, 1030]
[1, 477, 695, 1020]
[1, 477, 720, 953]
[1, 477, 730, 933]
[1, 478, 666, 1034]
[1, 478, 674, 1030]
[1, 478, 692, 1023]
[1, 478, 723, 950]
[1, 478, 730, 932]
[1, 479, 666, 1033]
[1, 479, 671, 1031]
[1, 479, 691, 1023]
[1, 479, 723, 949]
[1, 479, 731, 929]
[1, 480, 664, 1034]
[1, 480, 665, 1033]
[1, 480, 667, 1032]
[1, 480, 669, 1031]
[1, 480, 672, 1030]
[1, 480, 691, 1022]
[1, 480, 692, 1021]
[1, 480, 694, 1020]
[1, 480, 720, 952]
[1, 480, 721, 950]
[1, 480, 722, 949]
[1, 480, 730, 930]
[1, 480, 731, 927]
[1, 486, 658, 1042]
[1, 486, 687, 1023]
[1, 486, 688, 1022]
[1, 486, 722, 946]
[1, 486, 723, 945]
[1, 487, 657, 1043]
[1, 487, 686, 1023]
[1, 487, 688, 1021]
[1, 487, 721, 946]
[1, 487, 723, 944]
[1, 501, 641, 1043]
[1, 501, 695, 986]
[1, 501, 706, 965]
[1, 501, 731, 906]
[1, 503, 640, 1043]
[1, 503, 689, 992]
[1, 503, 695, 985]
[1, 503, 705, 965]
[1, 503, 731, 905]
[1, 504, 641, 1042]
[1, 504, 688, 992]
[1, 504, 730, 906]
[1, 506, 686, 992]
[1, 506, 695, 983]
[1, 506, 703, 965]
[1, 506, 730, 904]
[1, 506, 639, 1042]
[1, 507, 688, 990]
[1, 507, 692, 986]
[1, 507, 706, 962]
[1, 507, 730, 903]
[1, 507, 638, 1042]
[1, 508, 688, 989]
[1, 508, 691, 986]
[1, 508, 706, 961]
[1, 508, 731, 900]
[1, 508, 635, 1043]
[1, 509, 686, 990]
[1, 509, 687, 989]
[1, 509, 689, 988]
[1, 509, 691, 985]
[1, 509, 692, 984]
[1, 509, 694, 983]
[1, 509, 703, 964]
[1, 509, 704, 962]
[1, 509, 705, 961]
[1, 509, 730, 901]
[1, 509, 731, 898]
[1, 509, 633, 1043]
[1, 509, 636, 1042]
[1, 518, 641, 1034]
[1, 518, 674, 992]
[1, 518, 677, 990]
[1, 518, 706, 957]
[1, 518, 723, 913]
[1, 518, 638, 1036]
[1, 519, 641, 1033]
[1, 519, 677, 989]
[1, 519, 695, 968]
[1, 519, 706, 956]
[1, 519, 723, 912]
[1, 519, 731, 891]
[1, 520, 640, 1033]
[1, 520, 672, 992]
[1, 520, 675, 990]
[1, 520, 676, 989]
[1, 520, 694, 969]
[1, 520, 695, 966]
[1, 520, 704, 957]
[1, 520, 705, 956]
[1, 520, 721, 913]
[1, 520, 722, 912]
[1, 520, 731, 889]
[1, 520, 636, 1036]
[1, 520, 639, 1034]
[1, 521, 641, 1032]
[1, 521, 671, 992]
[1, 521, 677, 988]
[1, 521, 730, 891]
[1, 521, 635, 1036]
[1, 523, 676, 986]
[1, 523, 677, 985]
[1, 523, 722, 906]
[1, 523, 723, 905]
[1, 523, 629, 1036]
[1, 524, 675, 986]
[1, 524, 677, 984]
[1, 524, 696, 965]
[1, 524, 721, 906]
[1, 524, 723, 904]
[1, 524, 619, 1043]
[1, 526, 677, 983]
[1, 526, 688, 969]
[1, 526, 720, 906]
[1, 526, 619, 1042]
[1, 526, 628, 1036]
[1, 527, 669, 986]
[1, 527, 671, 985]
[1, 527, 674, 983]
[1, 527, 687, 968]
[1, 527, 688, 966]
[1, 527, 696, 962]
[1, 527, 720, 903]
[1, 527, 722, 900]
[1, 527, 723, 898]
[1, 527, 618, 1042]
[1, 527, 628, 1034]
[1, 527, 629, 1032]
[1, 530, 665, 986]
[1, 530, 666, 985]
[1, 530, 705, 946]
[1, 530, 706, 945]
[1, 530, 629, 1030]
[1, 531, 664, 986]
[1, 531, 666, 984]
[1, 531, 704, 946]
[1, 531, 706, 944]
[1, 531, 628, 1031]
[1, 535, 640, 1023]
[1, 535, 641, 1022]
[1, 535, 658, 992]
[1, 535, 705, 935]
[1, 535, 706, 934]
[1, 536, 641, 1021]
[1, 536, 696, 953]
[1, 536, 704, 935]
[1, 536, 706, 933]
[1, 536, 619, 1031]
[1, 536, 639, 1023]
[1, 538, 641, 1020]
[1, 538, 657, 992]
[1, 538, 666, 969]
[1, 538, 703, 935]
[1, 538, 619, 1030]
[1, 539, 657, 990]
[1, 539, 658, 988]
[1, 539, 665, 968]
[1, 539, 666, 966]
[1, 539, 696, 950]
[1, 539, 703, 932]
[1, 539, 705, 929]
[1, 539, 706, 927]
[1, 539, 618, 1030]
[1, 539, 633, 1023]
[1, 539, 635, 1022]
[1, 539, 638, 1020]
[2, 349, 807, 1030]
[2, 349, 730, 1077]
[2, 349, 796, 1041]
[2, 355, 802, 1029]
[2, 355, 807, 1024]
[2, 355, 724, 1077]
[2, 355, 790, 1041]
[2, 355, 729, 1072]
[2, 355, 795, 1036]
[2, 356, 805, 1024]
[2, 356, 724, 1075]
[2, 356, 790, 1039]
[2, 357, 790, 1037]
[2, 357, 795, 1032]
[2, 357, 798, 1029]
[2, 357, 803, 1024]
[2, 357, 724, 1073]
[2, 357, 729, 1068]
[2, 359, 786, 1041]
[2, 359, 791, 1036]
[2, 359, 802, 1025]
[2, 359, 807, 1020]
[2, 359, 720, 1077]
[2, 359, 725, 1072]
[2, 362, 805, 992]
[2, 362, 730, 1050]
[2, 362, 758, 1039]
[2, 363, 803, 992]
[2, 363, 807, 988]
[2, 363, 730, 1048]
[2, 363, 754, 1041]
[2, 363, 758, 1037]
[2, 367, 802, 982]
[2, 367, 748, 1036]
[2, 367, 724, 1050]
[2, 368, 802, 980]
[2, 368, 807, 970]
[2, 368, 724, 1048]
[2, 368, 729, 1045]
[2, 368, 736, 1041]
[2, 368, 746, 1036]
[2, 370, 798, 982]
[2, 370, 805, 970]
[2, 370, 724, 1046]
[2, 370, 736, 1039]
[2, 370, 748, 1032]
[2, 371, 802, 972]
[2, 371, 805, 969]
[2, 371, 720, 1050]
[2, 371, 735, 1039]
[2, 371, 738, 1036]
[2, 372, 707, 1077]
[2, 372, 758, 1029]
[2, 372, 795, 992]
[2, 373, 796, 982]
[2, 373, 707, 1075]
[2, 373, 748, 1030]
[2, 374, 795, 988]
[2, 374, 796, 980]
[2, 374, 707, 1073]
[2, 374, 746, 1030]
[2, 374, 754, 1029]
[2, 376, 791, 992]
[2, 376, 796, 977]
[2, 376, 703, 1077]
[2, 376, 743, 1030]
[2, 376, 758, 1025]
[2, 382, 790, 977]
[2, 382, 795, 969]
[2, 382, 697, 1077]
[2, 382, 700, 1072]
[2, 382, 735, 1029]
[2, 382, 743, 1024]
[2, 383, 786, 982]
[2, 383, 790, 972]
[2, 383, 697, 1075]
[2, 383, 738, 1024]
[2, 383, 748, 1020]
[2, 386, 805, 953]
[2, 386, 807, 951]
[2, 386, 693, 1077]
[2, 386, 695, 1075]
[2, 387, 796, 960]
[2, 387, 804, 953]
[2, 387, 807, 950]
[2, 387, 692, 1077]
[2, 387, 695, 1074]
[2, 391, 796, 958]
[2, 391, 802, 951]
[2, 391, 693, 1072]
[2, 392, 796, 956]
[2, 392, 798, 953]
[2, 392, 802, 949]
[2, 392, 691, 1072]
[2, 392, 695, 1068]
[2, 399, 807, 938]
[2, 399, 680, 1077]
[2, 399, 795, 958]
[2, 400, 790, 960]
[2, 400, 795, 957]
[2, 400, 802, 943]
[2, 400, 679, 1077]
[2, 400, 807, 937]
[2, 400, 685, 1072]
[2, 405, 790, 959]
[2, 405, 804, 938]
[2, 405, 805, 937]
[2, 405, 679, 1075]
[2, 405, 680, 1074]
[2, 406, 795, 954]
[2, 406, 803, 938]
[2, 406, 805, 936]
[2, 406, 678, 1075]
[2, 406, 680, 1073]
[2, 408, 792, 958]
[2, 408, 802, 940]
[2, 408, 676, 1075]
[2, 408, 805, 934]
[2, 408, 682, 1072]
[2, 409, 791, 958]
[2, 409, 670, 1077]
[2, 409, 675, 1075]
[2, 409, 805, 933]
[2, 409, 807, 928]
[2, 410, 786, 960]
[2, 410, 791, 957]
[2, 410, 792, 956]
[2, 410, 669, 1077]
[2, 410, 798, 942]
[2, 410, 802, 939]
[2, 410, 675, 1074]
[2, 410, 676, 1073]
[2, 410, 803, 934]
[2, 410, 804, 933]
[2, 410, 807, 927]
[2, 410, 681, 1072]
[2, 410, 684, 1068]
[2, 425, 804, 914]
[2, 425, 805, 913]
[2, 425, 692, 1050]
[2, 425, 693, 1049]
[2, 425, 758, 959]
[2, 426, 803, 914]
[2, 426, 805, 912]
[2, 426, 807, 910]
[2, 426, 691, 1050]
[2, 426, 693, 1048]
[2, 426, 695, 1046]
[2, 429, 798, 914]
[2, 429, 802, 910]
[2, 429, 693, 1045]
[2, 429, 754, 958]
[2, 429, 758, 954]
[2, 430, 802, 897]
[2, 430, 679, 1050]
[2, 430, 680, 1049]
[2, 430, 747, 958]
[2, 430, 748, 957]
[2, 431, 678, 1050]
[2, 431, 807, 892]
[2, 431, 680, 1048]
[2, 431, 746, 958]
[2, 431, 748, 956]
[2, 434, 669, 1050]
[2, 434, 798, 895]
[2, 434, 670, 1049]
[2, 434, 802, 893]
[2, 434, 676, 1046]
[2, 434, 804, 890]
[2, 434, 805, 889]
[2, 434, 682, 1045]
[2, 434, 735, 959]
[2, 434, 737, 958]
[2, 434, 738, 957]
[2, 434, 744, 954]
[2, 435, 644, 1077]
[2, 435, 795, 914]
[2, 435, 668, 1050]
[2, 435, 748, 953]
[2, 436, 643, 1077]
[2, 436, 795, 913]
[2, 436, 668, 1049]
[2, 436, 747, 953]
[2, 436, 758, 943]
[2, 441, 643, 1075]
[2, 441, 644, 1074]
[2, 441, 796, 897]
[2, 441, 747, 951]
[2, 441, 748, 950]
[2, 442, 642, 1075]
[2, 442, 644, 1073]
[2, 442, 795, 910]
[2, 442, 668, 1046]
[2, 442, 746, 951]
[2, 442, 748, 949]
[2, 444, 640, 1075]
[2, 444, 792, 914]
[2, 444, 665, 1050]
[2, 444, 796, 895]
[2, 444, 744, 951]
[2, 444, 758, 940]
[2, 445, 639, 1075]
[2, 445, 791, 914]
[2, 445, 664, 1050]
[2, 445, 738, 953]
[2, 445, 743, 951]
[2, 445, 634, 1077]
[2, 446, 640, 1073]
[2, 446, 791, 913]
[2, 446, 664, 1049]
[2, 446, 665, 1048]
[2, 446, 792, 912]
[2, 446, 796, 894]
[2, 446, 737, 953]
[2, 446, 743, 950]
[2, 446, 744, 949]
[2, 446, 754, 942]
[2, 446, 758, 939]
[2, 446, 633, 1077]
[2, 446, 639, 1074]
[2, 447, 644, 1072]
[2, 447, 790, 914]
[2, 447, 758, 938]
[2, 448, 642, 1072]
[2, 448, 790, 912]
[2, 448, 668, 1045]
[2, 448, 736, 953]
[2, 448, 758, 936]
[2, 450, 644, 1068]
[2, 450, 790, 910]
[2, 450, 796, 892]
[2, 450, 736, 951]
[2, 450, 754, 938]
[2, 451, 786, 914]
[2, 451, 796, 890]
[2, 451, 735, 951]
[2, 451, 758, 928]
[2, 451, 634, 1072]
[2, 457, 660, 1050]
[2, 457, 790, 895]
[2, 457, 744, 938]
[2, 457, 748, 934]
[2, 457, 626, 1072]
[2, 458, 659, 1050]
[2, 458, 795, 890]
[2, 458, 743, 938]
[2, 458, 748, 933]
[2, 458, 621, 1077]
[2, 459, 659, 1049]
[2, 459, 660, 1048]
[2, 459, 790, 894]
[2, 459, 663, 1045]
[2, 459, 795, 889]
[2, 459, 735, 943]
[2, 459, 736, 942]
[2, 459, 743, 937]
[2, 459, 744, 936]
[2, 459, 746, 934]
[2, 459, 747, 933]
[2, 459, 620, 1077]
[2, 459, 625, 1072]
[2, 461, 786, 897]
[2, 461, 660, 1046]
[2, 461, 790, 893]
[2, 461, 792, 892]
[2, 461, 736, 940]
[2, 461, 737, 938]
[2, 461, 738, 937]
[2, 461, 747, 928]
[2, 461, 620, 1075]
[2, 461, 621, 1074]
[2, 461, 748, 927]
[2, 461, 626, 1068]
[2, 463, 668, 1039]
[2, 463, 693, 1029]
[2, 463, 729, 951]
[2, 464, 668, 1038]
[2, 464, 685, 1030]
[2, 464, 692, 1029]
[2, 464, 729, 950]
[2, 464, 730, 943]
[2, 466, 665, 1041]
[2, 466, 684, 1030]
[2, 466, 695, 1026]
[2, 466, 726, 953]
[2, 466, 730, 942]
[2, 467, 724, 953]
[2, 467, 695, 1024]
[2, 467, 668, 1036]
[2, 468, 680, 1030]
[2, 468, 693, 1024]
[2, 468, 724, 951]
[2, 468, 730, 938]
[2, 469, 668, 1032]
[2, 469, 678, 1030]
[2, 469, 691, 1024]
[2, 469, 724, 949]
[2, 469, 730, 936]
[2, 471, 664, 1036]
[2, 471, 675, 1030]
[2, 471, 695, 1020]
[2, 471, 720, 953]
[2, 471, 730, 933]
[2, 484, 660, 1041]
[2, 484, 663, 1036]
[2, 484, 676, 1029]
[2, 484, 684, 1024]
[2, 484, 724, 942]
[2, 484, 729, 934]
[2, 486, 660, 1039]
[2, 486, 680, 1026]
[2, 486, 682, 1024]
[2, 486, 724, 940]
[2, 486, 726, 938]
[2, 487, 659, 1039]
[2, 487, 670, 1029]
[2, 487, 680, 1025]
[2, 487, 725, 938]
[2, 487, 729, 928]
[2, 488, 659, 1038]
[2, 488, 660, 1037]
[2, 488, 663, 1032]
[2, 488, 669, 1029]
[2, 488, 678, 1026]
[2, 488, 679, 1025]
[2, 488, 681, 1024]
[2, 488, 685, 1020]
[2, 488, 720, 943]
[2, 488, 724, 939]
[2, 488, 725, 937]
[2, 488, 726, 936]
[2, 488, 729, 927]
[2, 501, 644, 1041]
[2, 501, 695, 982]
[2, 501, 729, 914]
[2, 502, 643, 1041]
[2, 502, 685, 992]
[2, 502, 695, 981]
[2, 502, 707, 960]
[2, 502, 729, 913]
[2, 507, 643, 1039]
[2, 507, 644, 1038]
[2, 507, 692, 982]
[2, 507, 693, 981]
[2, 507, 707, 959]
[2, 507, 730, 897]
[2, 508, 642, 1039]
[2, 508, 644, 1037]
[2, 508, 691, 982]
[2, 508, 693, 980]
[2, 508, 729, 910]
[2, 510, 640, 1039]
[2, 510, 682, 992]
[2, 510, 693, 978]
[2, 510, 726, 914]
[2, 510, 730, 895]
[2, 511, 639, 1039]
[2, 511, 693, 977]
[2, 511, 695, 972]
[2, 511, 725, 914]
[2, 511, 634, 1041]
[2, 512, 640, 1037]
[2, 512, 681, 992]
[2, 512, 684, 988]
[2, 512, 691, 978]
[2, 512, 692, 977]
[2, 512, 695, 971]
[2, 512, 703, 960]
[2, 512, 725, 913]
[2, 512, 726, 912]
[2, 512, 730, 894]
[2, 512, 633, 1041]
[2, 512, 639, 1038]
[2, 513, 644, 1036]
[2, 513, 680, 992]
[2, 513, 707, 958]
[2, 513, 724, 914]
[2, 514, 642, 1036]
[2, 514, 678, 992]
[2, 514, 695, 970]
[2, 514, 707, 956]
[2, 514, 724, 912]
[2, 516, 644, 1032]
[2, 516, 680, 988]
[2, 516, 693, 970]
[2, 516, 707, 954]
[2, 516, 724, 910]
[2, 516, 730, 892]
[2, 517, 670, 992]
[2, 517, 693, 969]
[2, 517, 703, 958]
[2, 517, 720, 914]
[2, 517, 730, 890]
[2, 517, 634, 1036]
[2, 523, 676, 982]
[2, 523, 680, 978]
[2, 523, 701, 958]
[2, 523, 724, 895]
[2, 523, 626, 1036]
[2, 524, 675, 982]
[2, 524, 680, 977]
[2, 524, 700, 958]
[2, 524, 729, 890]
[2, 524, 621, 1041]
[2, 525, 675, 981]
[2, 525, 676, 980]
[2, 525, 678, 978]
[2, 525, 679, 977]
[2, 525, 684, 970]
[2, 525, 685, 969]
[2, 525, 697, 960]
[2, 525, 700, 957]
[2, 525, 701, 956]
[2, 525, 724, 894]
[2, 525, 729, 889]
[2, 525, 620, 1041]
[2, 525, 625, 1036]
[2, 527, 669, 982]
[2, 527, 670, 981]
[2, 527, 679, 972]
[2, 527, 680, 971]
[2, 527, 682, 970]
[2, 527, 697, 959]
[2, 527, 701, 954]
[2, 527, 720, 897]
[2, 527, 724, 893]
[2, 527, 726, 892]
[2, 527, 620, 1039]
[2, 527, 621, 1038]
[2, 527, 626, 1032]
[2, 528, 640, 1029]
[2, 528, 663, 992]
[2, 528, 668, 978]
[2, 528, 701, 953]
[2, 528, 707, 942]
[2, 530, 644, 1026]
[2, 530, 665, 982]
[2, 530, 701, 951]
[2, 530, 707, 940]
[2, 530, 626, 1030]
[2, 531, 644, 1025]
[2, 531, 664, 982]
[2, 531, 668, 972]
[2, 531, 700, 951]
[2, 531, 634, 1029]
[2, 532, 642, 1026]
[2, 532, 643, 1025]
[2, 532, 663, 988]
[2, 532, 664, 981]
[2, 532, 665, 980]
[2, 532, 668, 971]
[2, 532, 700, 950]
[2, 532, 701, 949]
[2, 532, 703, 943]
[2, 532, 707, 939]
[2, 532, 625, 1030]
[2, 532, 633, 1029]
[2, 533, 659, 992]
[2, 533, 668, 969]
[2, 533, 697, 953]
[2, 533, 707, 933]
[2, 533, 639, 1024]
[2, 534, 644, 1020]
[2, 534, 697, 951]
[2, 534, 703, 938]
[2, 534, 707, 928]
[2, 534, 621, 1030]
[2, 534, 634, 1024]
[3, 349, 796, 1040]
[3, 349, 797, 1038]
[3, 349, 804, 1031]
[3, 349, 806, 1030]
[3, 349, 730, 1076]
[3, 349, 731, 1074]
[3, 355, 790, 1040]
[3, 355, 795, 1034]
[3, 355, 800, 1029]
[3, 355, 806, 1024]
[3, 355, 724, 1076]
[3, 355, 729, 1070]
[3, 359, 786, 1040]
[3, 359, 787, 1038]
[3, 359, 788, 1037]
[3, 359, 791, 1034]
[3, 359, 792, 1033]
[3, 359, 794, 1032]
[3, 359, 798, 1028]
[3, 359, 799, 1026]
[3, 359, 800, 1025]
[3, 359, 803, 1022]
[3, 359, 804, 1021]
[3, 359, 806, 1020]
[3, 359, 720, 1076]
[3, 359, 721, 1074]
[3, 359, 722, 1073]
[3, 359, 725, 1070]
[3, 359, 726, 1069]
[3, 359, 728, 1068]
[3, 362, 804, 991]
[3, 362, 805, 990]
[3, 362, 730, 1047]
[3, 362, 756, 1039]
[3, 362, 757, 1038]
[3, 363, 803, 990]
[3, 363, 804, 989]
[3, 363, 806, 988]
[3, 363, 754, 1040]
[3, 363, 755, 1038]
[3, 363, 756, 1037]
[3, 367, 800, 982]
[3, 367, 801, 981]
[3, 367, 724, 1047]
[3, 367, 747, 1035]
[3, 367, 748, 1034]
[3, 368, 799, 981]
[3, 368, 800, 980]
[3, 368, 806, 970]
[3, 368, 736, 1040]
[3, 368, 746, 1034]
[3, 368, 747, 1033]
[3, 371, 798, 975]
[3, 371, 800, 972]
[3, 371, 801, 971]
[3, 371, 804, 967]
[3, 371, 805, 966]
[3, 371, 720, 1047]
[3, 371, 722, 1046]
[3, 371, 726, 1044]
[3, 371, 732, 1039]
[3, 371, 733, 1038]
[3, 371, 737, 1035]
[3, 371, 738, 1034]
[3, 371, 741, 1032]
[3, 372, 795, 990]
[3, 372, 797, 981]
[3, 372, 707, 1076]
[3, 372, 747, 1031]
[3, 372, 756, 1029]
[3, 376, 791, 990]
[3, 376, 792, 989]
[3, 376, 794, 988]
[3, 376, 796, 974]
[3, 376, 797, 971]
[3, 376, 703, 1076]
[3, 376, 704, 1074]
[3, 376, 705, 1073]
[3, 376, 737, 1031]
[3, 376, 740, 1030]
[3, 376, 754, 1028]
[3, 376, 755, 1026]
[3, 376, 756, 1025]
[3, 382, 787, 981]
[3, 382, 788, 980]
[3, 382, 790, 974]
[3, 382, 794, 970]
[3, 382, 795, 966]
[3, 382, 697, 1076]
[3, 382, 700, 1070]
[3, 382, 701, 1069]
[3, 382, 732, 1029]
[3, 382, 736, 1028]
[3, 382, 740, 1024]
[3, 382, 746, 1022]
[3, 382, 747, 1021]
[3, 386, 797, 959]
[3, 386, 805, 952]
[3, 386, 806, 951]
[3, 386, 693, 1076]
[3, 386, 694, 1075]
[3, 387, 804, 952]
[3, 387, 806, 950]
[3, 387, 692, 1076]
[3, 387, 694, 1074]
[3, 391, 796, 955]
[3, 391, 800, 951]
[3, 391, 801, 950]
[3, 391, 692, 1071]
[3, 391, 693, 1070]
[3, 392, 798, 952]
[3, 392, 800, 949]
[3, 392, 799, 950]
[3, 392, 691, 1070]
[3, 392, 692, 1069]
[3, 392, 694, 1068]
[3, 399, 795, 955]
[3, 399, 801, 943]
[3, 399, 806, 938]
[3, 399, 680, 1076]
[3, 399, 685, 1071]
[3, 400, 800, 943]
[3, 400, 679, 1076]
[3, 400, 806, 937]
[3, 400, 685, 1070]
[3, 402, 790, 959]
[3, 402, 804, 938]
[3, 402, 805, 937]
[3, 402, 679, 1075]
[3, 402, 680, 1074]
[3, 403, 798, 943]
[3, 403, 803, 937]
[3, 403, 804, 936]
[3, 403, 678, 1074]
[3, 403, 679, 1073]
[3, 403, 685, 1068]
[3, 408, 788, 959]
[3, 408, 792, 955]
[3, 408, 800, 940]
[3, 408, 673, 1074]
[3, 408, 804, 931]
[3, 408, 682, 1070]
[3, 409, 787, 959]
[3, 409, 791, 955]
[3, 409, 794, 954]
[3, 409, 670, 1076]
[3, 409, 799, 940]
[3, 409, 672, 1075]
[3, 409, 673, 1073]
[3, 409, 801, 939]
[3, 409, 803, 931]
[3, 409, 805, 930]
[3, 409, 806, 928]
[3, 409, 681, 1071]
[3, 409, 682, 1069]
[3, 410, 669, 1076]
[3, 410, 672, 1074]
[3, 410, 800, 939]
[3, 410, 804, 930]
[3, 410, 806, 927]
[3, 410, 681, 1070]
[3, 425, 804, 911]
[3, 425, 692, 1047]
[3, 425, 756, 959]
[3, 426, 803, 911]
[3, 426, 806, 910]
[3, 426, 691, 1047]
[3, 426, 694, 1046]
[3, 426, 755, 959]
[3, 429, 798, 911]
[3, 429, 800, 910]
[3, 429, 692, 1044]
[3, 429, 754, 955]
[3, 429, 756, 954]
[3, 430, 800, 897]
[3, 430, 679, 1047]
[3, 430, 747, 955]
[3, 431, 799, 897]
[3, 431, 678, 1047]
[3, 431, 806, 892]
[3, 431, 685, 1044]
[3, 431, 746, 955]
[3, 433, 798, 897]
[3, 433, 804, 892]
[3, 433, 679, 1046]
[3, 433, 736, 959]
[3, 433, 747, 954]
[3, 434, 669, 1047]
[3, 434, 800, 893]
[3, 434, 804, 888]
[3, 434, 732, 959]
[3, 434, 737, 955]
[3, 435, 644, 1076]
[3, 435, 795, 911]
[3, 435, 668, 1047]
[3, 435, 797, 897]
[3, 435, 748, 952]
[3, 435, 757, 943]
[3, 436, 643, 1076]
[3, 436, 747, 952]
[3, 436, 756, 943]
[3, 438, 643, 1075]
[3, 438, 644, 1074]
[3, 438, 796, 897]
[3, 438, 747, 951]
[3, 438, 748, 950]
[3, 439, 642, 1074]
[3, 439, 643, 1073]
[3, 439, 746, 950]
[3, 439, 747, 949]
[3, 439, 754, 943]
[3, 444, 637, 1074]
[3, 444, 792, 911]
[3, 444, 665, 1047]
[3, 444, 741, 950]
[3, 444, 756, 940]
[3, 445, 637, 1073]
[3, 445, 791, 911]
[3, 445, 664, 1047]
[3, 445, 794, 910]
[3, 445, 667, 1046]
[3, 445, 797, 893]
[3, 445, 738, 952]
[3, 445, 740, 951]
[3, 445, 741, 949]
[3, 445, 755, 940]
[3, 445, 757, 939]
[3, 445, 634, 1076]
[3, 445, 636, 1075]
[3, 446, 737, 952]
[3, 446, 740, 950]
[3, 446, 756, 939]
[3, 446, 633, 1076]
[3, 446, 636, 1074]
[3, 447, 643, 1071]
[3, 447, 644, 1070]
[3, 447, 790, 911]
[3, 447, 756, 938]
[3, 447, 757, 937]
[3, 448, 642, 1070]
[3, 448, 643, 1069]
[3, 448, 736, 952]
[3, 448, 755, 937]
[3, 448, 756, 936]
[3, 451, 786, 911]
[3, 451, 788, 910]
[3, 451, 665, 1044]
[3, 451, 796, 888]
[3, 451, 732, 951]
[3, 451, 733, 950]
[3, 451, 754, 931]
[3, 451, 756, 928]
[3, 451, 757, 927]
[3, 451, 633, 1071]
[3, 451, 634, 1070]
[3, 451, 637, 1068]
[3, 457, 660, 1047]
[3, 457, 788, 897]
[3, 457, 741, 937]
[3, 457, 747, 931]
[3, 457, 626, 1070]
[3, 458, 659, 1047]
[3, 458, 787, 897]
[3, 458, 663, 1044]
[3, 458, 794, 892]
[3, 458, 795, 888]
[3, 458, 733, 943]
[3, 458, 740, 938]
[3, 458, 741, 936]
[3, 458, 746, 931]
[3, 458, 748, 930]
[3, 458, 621, 1076]
[3, 458, 625, 1071]
[3, 458, 626, 1069]
[3, 459, 732, 943]
[3, 459, 740, 937]
[3, 459, 747, 930]
[3, 459, 620, 1076]
[3, 459, 625, 1070]
[3, 460, 786, 897]
[3, 460, 660, 1046]
[3, 460, 790, 893]
[3, 460, 792, 892]
[3, 460, 736, 940]
[3, 460, 737, 938]
[3, 460, 738, 937]
[3, 460, 747, 928]
[3, 460, 620, 1075]
[3, 460, 621, 1074]
[3, 460, 748, 927]
[3, 460, 626, 1068]
[3, 462, 668, 1038]
[3, 462, 685, 1030]
[3, 462, 692, 1029]
[3, 462, 729, 950]
[3, 462, 730, 943]
[3, 466, 665, 1040]
[3, 466, 667, 1038]
[3, 466, 692, 1028]
[3, 466, 694, 1026]
[3, 466, 726, 952]
[3, 466, 728, 950]
[3, 467, 668, 1034]
[3, 467, 679, 1031]
[3, 467, 694, 1024]
[3, 467, 724, 952]
[3, 467, 731, 937]
[3, 471, 664, 1034]
[3, 471, 665, 1033]
[3, 471, 667, 1032]
[3, 471, 669, 1031]
[3, 471, 672, 1030]
[3, 471, 691, 1022]
[3, 471, 692, 1021]
[3, 471, 694, 1020]
[3, 471, 720, 952]
[3, 471, 721, 950]
[3, 471, 722, 949]
[3, 471, 730, 930]
[3, 471, 731, 927]
[3, 484, 660, 1040]
[3, 484, 663, 1034]
[3, 484, 679, 1028]
[3, 484, 685, 1022]
[3, 484, 722, 943]
[3, 484, 728, 937]
[3, 485, 659, 1038]
[3, 485, 660, 1037]
[3, 485, 663, 1032]
[3, 485, 669, 1029]
[3, 485, 678, 1026]
[3, 485, 679, 1025]
[3, 485, 681, 1024]
[3, 485, 685, 1020]
[3, 485, 720, 943]
[3, 485, 724, 939]
[3, 485, 725, 937]
[3, 485, 726, 936]
[3, 485, 729, 927]
[3, 501, 644, 1040]
[3, 501, 685, 991]
[3, 501, 694, 982]
[3, 501, 729, 911]
[3, 501, 731, 897]
[3, 502, 643, 1040]
[3, 502, 685, 990]
[3, 502, 694, 981]
[3, 504, 643, 1039]
[3, 504, 644, 1038]
[3, 504, 692, 982]
[3, 504, 693, 981]
[3, 504, 707, 959]
[3, 504, 730, 897]
[3, 505, 642, 1038]
[3, 505, 643, 1037]
[3, 505, 685, 988]
[3, 505, 691, 981]
[3, 505, 692, 980]
[3, 510, 637, 1038]
[3, 510, 682, 990]
[3, 510, 692, 975]
[3, 510, 705, 959]
[3, 510, 726, 911]
[3, 511, 637, 1037]
[3, 511, 681, 991]
[3, 511, 682, 989]
[3, 511, 691, 975]
[3, 511, 693, 974]
[3, 511, 694, 972]
[3, 511, 704, 959]
[3, 511, 725, 911]
[3, 511, 728, 910]
[3, 511, 731, 893]
[3, 511, 634, 1040]
[3, 511, 636, 1039]
[3, 512, 681, 990]
[3, 512, 692, 974]
[3, 512, 694, 971]
[3, 512, 633, 1040]
[3, 512, 636, 1038]
[3, 513, 643, 1035]
[3, 513, 644, 1034]
[3, 513, 679, 991]
[3, 513, 680, 990]
[3, 513, 707, 955]
[3, 513, 724, 911]
[3, 514, 642, 1034]
[3, 514, 643, 1033]
[3, 514, 678, 990]
[3, 514, 679, 989]
[3, 514, 694, 970]
[3, 517, 669, 991]
[3, 517, 670, 990]
[3, 517, 673, 988]
[3, 517, 692, 967]
[3, 517, 693, 966]
[3, 517, 703, 955]
[3, 517, 705, 954]
[3, 517, 720, 911]
[3, 517, 722, 910]
[3, 517, 730, 888]
[3, 517, 633, 1035]
[3, 517, 634, 1034]
[3, 517, 637, 1032]
[3, 523, 673, 981]
[3, 523, 679, 975]
[3, 523, 701, 955]
[3, 523, 722, 897]
[3, 523, 626, 1034]
[3, 524, 672, 982]
[3, 524, 673, 980]
[3, 524, 678, 975]
[3, 524, 680, 974]
[3, 524, 685, 967]
[3, 524, 700, 955]
[3, 524, 721, 897]
[3, 524, 728, 892]
[3, 524, 729, 888]
[3, 524, 621, 1040]
[3, 524, 625, 1035]
[3, 524, 626, 1033]
[3, 525, 672, 981]
[3, 525, 679, 974]
[3, 525, 685, 966]
[3, 525, 620, 1040]
[3, 525, 625, 1034]
[3, 526, 669, 982]
[3, 526, 670, 981]
[3, 526, 679, 972]
[3, 526, 680, 971]
[3, 526, 682, 970]
[3, 526, 697, 959]
[3, 526, 701, 954]
[3, 526, 720, 897]
[3, 526, 724, 893]
[3, 526, 726, 892]
[3, 526, 620, 1039]
[3, 526, 621, 1038]
[3, 526, 626, 1032]
[3, 528, 643, 1028]
[3, 528, 663, 990]
[3, 528, 667, 981]
[3, 528, 701, 952]
[3, 528, 705, 943]
[3, 529, 642, 1026]
[3, 529, 643, 1025]
[3, 529, 663, 988]
[3, 529, 664, 981]
[3, 529, 665, 980]
[3, 529, 668, 971]
[3, 529, 700, 950]
[3, 529, 701, 949]
[3, 529, 703, 943]
[3, 529, 707, 939]
[3, 529, 625, 1030]
[3, 529, 633, 1029]
[3, 533, 642, 1022]
[3, 533, 643, 1021]
[3, 533, 659, 990]
[3, 533, 660, 989]
[3, 533, 667, 970]
[3, 533, 668, 966]
[3, 533, 697, 952]
[3, 533, 704, 937]
[3, 533, 705, 936]
[3, 533, 707, 930]
[3, 533, 620, 1031]
[3, 533, 636, 1024]
[4, 348, 805, 1031]
[4, 348, 731, 1075]
[4, 348, 797, 1039]
[4, 355, 807, 1023]
[4, 355, 723, 1077]
[4, 355, 789, 1041]
[4, 356, 801, 1027]
[4, 356, 805, 1023]
[4, 356, 723, 1075]
[4, 356, 789, 1039]
[4, 356, 727, 1071]
[4, 356, 793, 1035]
[4, 357, 789, 1037]
[4, 357, 793, 1033]
[4, 357, 799, 1027]
[4, 357, 803, 1023]
[4, 357, 723, 1073]
[4, 357, 727, 1069]
[4, 358, 787, 1039]
[4, 358, 791, 1035]
[4, 358, 801, 1025]
[4, 358, 805, 1021]
[4, 358, 721, 1075]
[4, 358, 725, 1071]
[4, 360, 807, 991]
[4, 360, 731, 1050]
[4, 360, 757, 1041]
[4, 361, 803, 991]
[4, 361, 805, 989]
[4, 361, 731, 1046]
[4, 361, 755, 1039]
[4, 361, 757, 1037]
[4, 367, 801, 979]
[4, 367, 745, 1035]
[4, 367, 723, 1050]
[4, 368, 799, 979]
[4, 368, 807, 968]
[4, 368, 723, 1048]
[4, 368, 734, 1041]
[4, 368, 745, 1033]
[4, 369, 801, 977]
[4, 369, 807, 967]
[4, 369, 721, 1050]
[4, 369, 733, 1041]
[4, 369, 743, 1035]
[4, 370, 801, 973]
[4, 370, 805, 968]
[4, 370, 723, 1046]
[4, 370, 727, 1044]
[4, 370, 734, 1039]
[4, 370, 739, 1035]
[4, 372, 797, 979]
[4, 372, 706, 1077]
[4, 372, 745, 1031]
[4, 373, 706, 1075]
[4, 373, 757, 1027]
[4, 373, 793, 991]
[4, 374, 793, 989]
[4, 374, 797, 973]
[4, 374, 706, 1073]
[4, 374, 739, 1031]
[4, 374, 755, 1027]
[4, 375, 791, 991]
[4, 375, 797, 972]
[4, 375, 704, 1075]
[4, 375, 738, 1031]
[4, 375, 757, 1025]
[4, 382, 787, 979]
[4, 382, 789, 977]
[4, 382, 696, 1077]
[4, 382, 743, 1023]
[4, 382, 745, 1021]
[4, 383, 789, 972]
[4, 383, 793, 967]
[4, 383, 696, 1075]
[4, 383, 698, 1071]
[4, 383, 733, 1027]
[4, 383, 738, 1023]
[4, 384, 805, 953]
[4, 384, 807, 951]
[4, 384, 693, 1077]
[4, 384, 695, 1075]
[4, 385, 797, 959]
[4, 385, 805, 952]
[4, 385, 806, 951]
[4, 385, 693, 1076]
[4, 385, 694, 1075]
[4, 389, 797, 958]
[4, 389, 801, 953]
[4, 389, 695, 1071]
[4, 390, 797, 954]
[4, 390, 799, 951]
[4, 390, 801, 949]
[4, 390, 691, 1071]
[4, 390, 693, 1069]
[4, 400, 789, 960]
[4, 400, 674, 1077]
[4, 400, 677, 1076]
[4, 400, 806, 935]
[4, 400, 807, 932]
[4, 401, 794, 958]
[4, 401, 673, 1077]
[4, 401, 801, 942]
[4, 401, 807, 931]
[4, 401, 684, 1071]
[4, 402, 677, 1075]
[4, 402, 805, 935]
[4, 402, 793, 958]
[4, 403, 793, 956]
[4, 403, 671, 1077]
[4, 403, 803, 935]
[4, 403, 677, 1073]
[4, 403, 807, 929]
[4, 404, 791, 958]
[4, 404, 670, 1077]
[4, 404, 675, 1075]
[4, 404, 805, 933]
[4, 404, 807, 928]
[4, 405, 789, 959]
[4, 405, 793, 955]
[4, 405, 674, 1075]
[4, 405, 801, 941]
[4, 405, 805, 932]
[4, 405, 683, 1071]
[4, 407, 787, 959]
[4, 407, 791, 955]
[4, 407, 794, 954]
[4, 407, 670, 1076]
[4, 407, 799, 940]
[4, 407, 672, 1075]
[4, 407, 673, 1073]
[4, 407, 801, 939]
[4, 407, 803, 931]
[4, 407, 805, 930]
[4, 407, 806, 928]
[4, 407, 681, 1071]
[4, 407, 682, 1069]
[4, 423, 806, 914]
[4, 423, 807, 911]
[4, 423, 694, 1050]
[4, 423, 695, 1047]
[4, 423, 757, 960]
[4, 424, 803, 914]
[4, 424, 805, 912]
[4, 424, 807, 910]
[4, 424, 691, 1050]
[4, 424, 693, 1048]
[4, 424, 695, 1046]
[4, 428, 799, 914]
[4, 428, 801, 912]
[4, 428, 695, 1044]
[4, 428, 755, 958]
[4, 428, 757, 956]
[4, 430, 674, 1050]
[4, 430, 801, 896]
[4, 430, 677, 1047]
[4, 430, 742, 958]
[4, 430, 745, 955]
[4, 432, 799, 895]
[4, 432, 672, 1050]
[4, 432, 673, 1048]
[4, 432, 801, 894]
[4, 432, 675, 1047]
[4, 432, 806, 890]
[4, 432, 807, 888]
[4, 432, 684, 1044]
[4, 432, 733, 960]
[4, 432, 740, 958]
[4, 432, 741, 956]
[4, 432, 743, 955]
[4, 433, 671, 1050]
[4, 433, 677, 1046]
[4, 433, 805, 891]
[4, 433, 739, 958]
[4, 433, 745, 954]
[4, 436, 641, 1076]
[4, 436, 638, 1077]
[4, 436, 797, 896]
[4, 436, 742, 953]
[4, 436, 745, 952]
[4, 437, 794, 914]
[4, 437, 667, 1050]
[4, 437, 797, 895]
[4, 437, 741, 953]
[4, 437, 757, 942]
[4, 437, 637, 1077]
[4, 438, 641, 1075]
[4, 438, 793, 914]
[4, 438, 666, 1050]
[4, 438, 745, 951]
[4, 439, 641, 1073]
[4, 439, 793, 912]
[4, 439, 666, 1048]
[4, 439, 739, 953]
[4, 439, 745, 949]
[4, 439, 635, 1077]
[4, 440, 639, 1075]
[4, 440, 791, 914]
[4, 440, 664, 1050]
[4, 440, 738, 953]
[4, 440, 743, 951]
[4, 440, 634, 1077]
[4, 441, 793, 911]
[4, 441, 666, 1047]
[4, 441, 742, 951]
[4, 441, 757, 941]
[4, 441, 638, 1075]
[4, 443, 637, 1073]
[4, 443, 791, 911]
[4, 443, 664, 1047]
[4, 443, 794, 910]
[4, 443, 667, 1046]
[4, 443, 797, 893]
[4, 443, 738, 952]
[4, 443, 740, 951]
[4, 443, 741, 949]
[4, 443, 755, 940]
[4, 443, 757, 939]
[4, 443, 634, 1076]
[4, 443, 636, 1075]
[4, 447, 641, 1071]
[4, 447, 789, 914]
[4, 447, 757, 935]
[4, 448, 641, 1069]
[4, 448, 789, 912]
[4, 448, 797, 891]
[4, 448, 734, 953]
[4, 448, 755, 935]
[4, 449, 787, 914]
[4, 449, 797, 890]
[4, 449, 733, 953]
[4, 449, 757, 933]
[4, 449, 639, 1071]
[4, 450, 789, 910]
[4, 450, 666, 1044]
[4, 450, 734, 951]
[4, 450, 757, 929]
[4, 450, 635, 1071]
[4, 457, 658, 1050]
[4, 457, 789, 895]
[4, 457, 741, 935]
[4, 457, 745, 931]
[4, 457, 624, 1071]
[4, 459, 658, 1048]
[4, 459, 787, 896]
[4, 459, 789, 894]
[4, 459, 794, 891]
[4, 459, 734, 942]
[4, 459, 740, 935]
[4, 459, 742, 933]
[4, 459, 743, 932]
[4, 459, 745, 930]
[4, 459, 618, 1077]
[4, 459, 619, 1076]
[4, 459, 624, 1069]
[4, 460, 657, 1050]
[4, 460, 793, 890]
[4, 460, 738, 935]
[4, 460, 745, 928]
[4, 460, 619, 1075]
[4, 461, 657, 1047]
[4, 461, 658, 1046]
[4, 461, 789, 893]
[4, 461, 662, 1044]
[4, 461, 793, 888]
[4, 461, 733, 941]
[4, 461, 734, 940]
[4, 461, 738, 932]
[4, 461, 739, 931]
[4, 461, 741, 929]
[4, 461, 742, 928]
[4, 461, 618, 1075]
[4, 461, 623, 1071]
[4, 462, 666, 1041]
[4, 462, 695, 1027]
[4, 462, 727, 953]
[4, 464, 666, 1040]
[4, 464, 683, 1031]
[4, 464, 694, 1027]
[4, 464, 727, 952]
[4, 464, 731, 941]
[4, 465, 667, 1039]
[4, 465, 682, 1031]
[4, 465, 693, 1028]
[4, 465, 728, 951]
[4, 465, 731, 940]
[4, 467, 677, 1031]
[4, 467, 695, 1023]
[4, 467, 723, 953]
[4, 467, 731, 935]
[4, 468, 723, 951]
[4, 468, 693, 1023]
[4, 468, 666, 1035]
[4, 469, 666, 1033]
[4, 469, 671, 1031]
[4, 469, 691, 1023]
[4, 469, 723, 949]
[4, 469, 731, 929]
[4, 470, 664, 1035]
[4, 470, 670, 1031]
[4, 470, 693, 1021]
[4, 470, 721, 951]
[4, 470, 731, 928]
[4, 484, 658, 1041]
[4, 484, 677, 1028]
[4, 484, 684, 1023]
[4, 484, 723, 942]
[4, 484, 728, 935]
[4, 485, 657, 1041]
[4, 485, 675, 1027]
[4, 485, 677, 1025]
[4, 485, 725, 935]
[4, 485, 727, 933]
[4, 486, 658, 1039]
[4, 486, 662, 1035]
[4, 486, 673, 1027]
[4, 486, 682, 1023]
[4, 486, 723, 940]
[4, 486, 727, 931]
[4, 488, 657, 1040]
[4, 488, 658, 1037]
[4, 488, 662, 1033]
[4, 488, 671, 1028]
[4, 488, 672, 1027]
[4, 488, 674, 1025]
[4, 488, 681, 1023]
[4, 488, 683, 1021]
[4, 488, 721, 941]
[4, 488, 723, 939]
[4, 488, 725, 932]
[4, 488, 727, 930]
[4, 488, 728, 929]
[4, 502, 641, 1040]
[4, 502, 638, 1041]
[4, 502, 694, 979]
[4, 502, 695, 976]
[4, 502, 706, 960]
[4, 502, 731, 896]
[4, 503, 684, 991]
[4, 503, 695, 975]
[4, 503, 728, 914]
[4, 503, 731, 895]
[4, 503, 637, 1041]
[4, 504, 641, 1039]
[4, 504, 693, 979]
[4, 504, 727, 914]
[4, 505, 641, 1037]
[4, 505, 691, 979]
[4, 505, 695, 973]
[4, 505, 727, 912]
[4, 505, 635, 1041]
[4, 506, 639, 1039]
[4, 506, 693, 977]
[4, 506, 695, 972]
[4, 506, 725, 914]
[4, 506, 634, 1041]
[4, 507, 683, 991]
[4, 507, 693, 976]
[4, 507, 706, 959]
[4, 507, 727, 911]
[4, 507, 638, 1039]
[4, 509, 637, 1037]
[4, 509, 681, 991]
[4, 509, 682, 989]
[4, 509, 691, 975]
[4, 509, 693, 974]
[4, 509, 694, 972]
[4, 509, 704, 959]
[4, 509, 725, 911]
[4, 509, 728, 910]
[4, 509, 731, 893]
[4, 509, 634, 1040]
[4, 509, 636, 1039]
[4, 513, 641, 1035]
[4, 513, 677, 991]
[4, 513, 706, 958]
[4, 513, 723, 914]
[4, 514, 641, 1033]
[4, 514, 677, 989]
[4, 514, 695, 968]
[4, 514, 706, 956]
[4, 514, 723, 912]
[4, 514, 731, 891]
[4, 515, 675, 991]
[4, 515, 695, 967]
[4, 515, 704, 958]
[4, 515, 721, 914]
[4, 515, 731, 890]
[4, 515, 639, 1035]
[4, 516, 671, 991]
[4, 516, 693, 968]
[4, 516, 706, 954]
[4, 516, 723, 910]
[4, 516, 635, 1035]
[4, 523, 673, 979]
[4, 523, 677, 975]
[4, 523, 699, 958]
[4, 523, 723, 895]
[4, 523, 624, 1035]
[4, 525, 672, 979]
[4, 525, 674, 977]
[4, 525, 675, 976]
[4, 525, 677, 974]
[4, 525, 684, 968]
[4, 525, 696, 960]
[4, 525, 699, 956]
[4, 525, 721, 896]
[4, 525, 723, 894]
[4, 525, 728, 891]
[4, 525, 618, 1041]
[4, 525, 619, 1040]
[4, 525, 624, 1033]
[4, 526, 670, 979]
[4, 526, 677, 972]
[4, 526, 698, 958]
[4, 526, 727, 890]
[4, 526, 619, 1039]
[4, 527, 670, 976]
[4, 527, 671, 975]
[4, 527, 673, 973]
[4, 527, 674, 972]
[4, 527, 682, 968]
[4, 527, 683, 967]
[4, 527, 696, 959]
[4, 527, 698, 955]
[4, 527, 699, 954]
[4, 527, 723, 893]
[4, 527, 727, 888]
[4, 527, 618, 1039]
[4, 527, 623, 1035]
[4, 528, 641, 1028]
[4, 528, 667, 979]
[4, 528, 699, 953]
[4, 528, 706, 942]
[4, 528, 624, 1031]
[4, 529, 641, 1025]
[4, 529, 664, 979]
[4, 529, 666, 977]
[4, 529, 698, 953]
[4, 529, 639, 1027]
[4, 530, 637, 1027]
[4, 530, 662, 991]
[4, 530, 666, 975]
[4, 530, 699, 951]
[4, 530, 706, 940]
[4, 532, 662, 989]
[4, 532, 664, 976]
[4, 532, 666, 974]
[4, 532, 667, 973]
[4, 532, 698, 952]
[4, 532, 699, 949]
[4, 532, 704, 941]
[4, 532, 706, 939]
[4, 532, 623, 1031]
[4, 532, 635, 1028]
[4, 532, 636, 1027]
[4, 532, 638, 1025]
[4, 533, 641, 1021]
[4, 533, 696, 953]
[4, 533, 704, 935]
[4, 533, 706, 933]
[4, 533, 619, 1031]
[4, 533, 639, 1023]
[4, 534, 657, 991]
[4, 534, 666, 967]
[4, 534, 696, 951]
[4, 534, 706, 928]
[4, 534, 634, 1023]
[5, 348, 796, 1040]
[5, 348, 797, 1038]
[5, 348, 804, 1031]
[5, 348, 806, 1030]
[5, 348, 730, 1076]
[5, 348, 731, 1074]
[5, 356, 789, 1038]
[5, 356, 793, 1034]
[5, 356, 800, 1027]
[5, 356, 804, 1023]
[5, 356, 723, 1074]
[5, 356, 727, 1070]
[5, 358, 786, 1040]
[5, 358, 787, 1038]
[5, 358, 788, 1037]
[5, 358, 791, 1034]
[5, 358, 792, 1033]
[5, 358, 794, 1032]
[5, 358, 798, 1028]
[5, 358, 799, 1026]
[5, 358, 800, 1025]
[5, 358, 803, 1022]
[5, 358, 804, 1021]
[5, 358, 806, 1020]
[5, 358, 720, 1076]
[5, 358, 721, 1074]
[5, 358, 722, 1073]
[5, 358, 725, 1070]
[5, 358, 726, 1069]
[5, 358, 728, 1068]
[5, 360, 806, 992]
[5, 360, 807, 990]
[5, 360, 731, 1049]
[5, 360, 756, 1041]
[5, 360, 758, 1040]
[5, 361, 803, 990]
[5, 361, 804, 989]
[5, 361, 806, 988]
[5, 361, 754, 1040]
[5, 361, 755, 1038]
[5, 361, 756, 1037]
[5, 367, 800, 979]
[5, 367, 802, 976]
[5, 367, 723, 1049]
[5, 367, 742, 1036]
[5, 367, 745, 1034]
[5, 369, 799, 978]
[5, 369, 800, 977]
[5, 369, 802, 974]
[5, 369, 806, 969]
[5, 369, 807, 966]
[5, 369, 721, 1049]
[5, 369, 722, 1048]
[5, 369, 728, 1045]
[5, 369, 732, 1041]
[5, 369, 735, 1040]
[5, 369, 740, 1036]
[5, 369, 743, 1034]
[5, 369, 744, 1033]
[5, 370, 798, 976]
[5, 370, 800, 973]
[5, 370, 804, 968]
[5, 370, 734, 1038]
[5, 370, 739, 1034]
[5, 370, 742, 1032]
[5, 373, 793, 990]
[5, 373, 796, 976]
[5, 373, 706, 1074]
[5, 373, 742, 1030]
[5, 373, 756, 1027]
[5, 375, 791, 990]
[5, 375, 792, 989]
[5, 375, 794, 988]
[5, 375, 796, 974]
[5, 375, 797, 971]
[5, 375, 703, 1076]
[5, 375, 704, 1074]
[5, 375, 705, 1073]
[5, 375, 737, 1031]
[5, 375, 740, 1030]
[5, 375, 754, 1028]
[5, 375, 755, 1026]
[5, 375, 756, 1025]
[5, 383, 786, 976]
[5, 383, 788, 973]
[5, 383, 789, 971]
[5, 383, 792, 968]
[5, 383, 793, 966]
[5, 383, 696, 1074]
[5, 383, 698, 1070]
[5, 383, 699, 1068]
[5, 383, 732, 1027]
[5, 383, 734, 1026]
[5, 383, 737, 1023]
[5, 383, 739, 1022]
[5, 383, 742, 1020]
[5, 384, 796, 960]
[5, 384, 804, 953]
[5, 384, 807, 950]
[5, 384, 692, 1077]
[5, 384, 695, 1074]
[5, 385, 804, 952]
[5, 385, 806, 950]
[5, 385, 692, 1076]
[5, 385, 694, 1074]
[5, 389, 797, 957]
[5, 389, 800, 953]
[5, 389, 802, 952]
[5, 389, 694, 1072]
[5, 389, 695, 1070]
[5, 390, 798, 952]
[5, 390, 800, 949]
[5, 390, 799, 950]
[5, 390, 691, 1070]
[5, 390, 692, 1069]
[5, 390, 694, 1068]
[5, 399, 789, 960]
[5, 399, 674, 1077]
[5, 399, 677, 1076]
[5, 399, 806, 935]
[5, 399, 807, 932]
[5, 401, 788, 960]
[5, 401, 794, 957]
[5, 401, 800, 942]
[5, 401, 676, 1076]
[5, 401, 806, 934]
[5, 401, 684, 1070]
[5, 402, 793, 957]
[5, 402, 802, 941]
[5, 402, 677, 1074]
[5, 402, 804, 935]
[5, 402, 683, 1072]
[5, 404, 786, 960]
[5, 404, 791, 957]
[5, 404, 792, 956]
[5, 404, 669, 1077]
[5, 404, 798, 942]
[5, 404, 802, 939]
[5, 404, 675, 1074]
[5, 404, 676, 1073]
[5, 404, 803, 934]
[5, 404, 804, 933]
[5, 404, 807, 927]
[5, 404, 681, 1072]
[5, 404, 684, 1068]
[5, 405, 800, 941]
[5, 405, 674, 1074]
[5, 405, 804, 932]
[5, 405, 683, 1070]
[5, 406, 799, 941]
[5, 406, 671, 1076]
[5, 406, 674, 1073]
[5, 406, 803, 932]
[5, 406, 806, 929]
[5, 406, 683, 1069]
[5, 407, 669, 1076]
[5, 407, 672, 1074]
[5, 407, 800, 939]
[5, 407, 804, 930]
[5, 407, 806, 927]
[5, 407, 681, 1070]
[5, 423, 806, 913]
[5, 423, 694, 1049]
[5, 423, 756, 960]
[5, 424, 803, 913]
[5, 424, 804, 912]
[5, 424, 691, 1049]
[5, 424, 692, 1048]
[5, 424, 754, 960]
[5, 428, 799, 913]
[5, 428, 800, 912]
[5, 428, 694, 1045]
[5, 428, 755, 957]
[5, 428, 756, 956]
[5, 430, 800, 896]
[5, 430, 674, 1049]
[5, 430, 742, 957]
[5, 431, 799, 896]
[5, 431, 674, 1048]
[5, 431, 806, 891]
[5, 431, 734, 960]
[5, 431, 742, 956]
[5, 432, 672, 1049]
[5, 432, 800, 894]
[5, 432, 806, 889]
[5, 432, 732, 960]
[5, 432, 740, 957]
[5, 433, 798, 896]
[5, 433, 671, 1049]
[5, 433, 804, 891]
[5, 433, 683, 1045]
[5, 433, 739, 957]
[5, 435, 641, 1076]
[5, 435, 638, 1077]
[5, 435, 797, 896]
[5, 435, 742, 953]
[5, 435, 745, 952]
[5, 437, 640, 1076]
[5, 437, 794, 913]
[5, 437, 667, 1049]
[5, 437, 744, 952]
[5, 437, 756, 942]
[5, 438, 641, 1074]
[5, 438, 666, 1049]
[5, 438, 796, 896]
[5, 438, 793, 913]
[5, 438, 745, 950]
[5, 438, 758, 941]
[5, 440, 640, 1073]
[5, 440, 791, 913]
[5, 440, 664, 1049]
[5, 440, 665, 1048]
[5, 440, 792, 912]
[5, 440, 796, 894]
[5, 440, 737, 953]
[5, 440, 743, 950]
[5, 440, 744, 949]
[5, 440, 754, 942]
[5, 440, 758, 939]
[5, 440, 633, 1077]
[5, 440, 639, 1074]
[5, 441, 742, 950]
[5, 441, 756, 941]
[5, 441, 638, 1074]
[5, 442, 739, 952]
[5, 442, 742, 949]
[5, 442, 755, 941]
[5, 442, 635, 1076]
[5, 442, 638, 1073]
[5, 443, 737, 952]
[5, 443, 740, 950]
[5, 443, 756, 939]
[5, 443, 633, 1076]
[5, 443, 636, 1074]
[5, 447, 641, 1070]
[5, 447, 789, 913]
[5, 447, 756, 935]
[5, 447, 758, 932]
[5, 447, 638, 1072]
[5, 449, 640, 1069]
[5, 449, 787, 913]
[5, 449, 788, 912]
[5, 449, 667, 1045]
[5, 449, 797, 889]
[5, 449, 732, 953]
[5, 449, 735, 952]
[5, 449, 755, 934]
[5, 449, 756, 933]
[5, 449, 758, 930]
[5, 449, 636, 1072]
[5, 449, 639, 1070]
[5, 450, 734, 950]
[5, 450, 754, 932]
[5, 450, 756, 929]
[5, 450, 635, 1070]
[5, 450, 638, 1068]
[5, 457, 658, 1049]
[5, 457, 788, 896]
[5, 457, 742, 934]
[5, 457, 744, 932]
[5, 457, 624, 1070]
[5, 458, 658, 1048]
[5, 458, 787, 896]
[5, 458, 789, 894]
[5, 458, 794, 891]
[5, 458, 734, 942]
[5, 458, 740, 935]
[5, 458, 742, 933]
[5, 458, 743, 932]
[5, 458, 745, 930]
[5, 458, 618, 1077]
[5, 458, 619, 1076]
[5, 458, 624, 1069]
[5, 460, 657, 1049]
[5, 460, 786, 896]
[5, 460, 662, 1045]
[5, 460, 792, 891]
[5, 460, 793, 889]
[5, 460, 735, 941]
[5, 460, 737, 935]
[5, 460, 739, 934]
[5, 460, 744, 929]
[5, 460, 745, 927]
[5, 460, 619, 1074]
[5, 460, 623, 1072]
[5, 460, 624, 1068]
[5, 461, 732, 941]
[5, 461, 737, 932]
[5, 461, 742, 927]
[5, 461, 618, 1074]
[5, 461, 623, 1070]
[5, 463, 666, 1040]
[5, 463, 683, 1031]
[5, 463, 694, 1027]
[5, 463, 727, 952]
[5, 463, 731, 941]
[5, 465, 665, 1040]
[5, 465, 667, 1038]
[5, 465, 692, 1028]
[5, 465, 694, 1026]
[5, 465, 726, 952]
[5, 465, 728, 950]
[5, 468, 666, 1034]
[5, 468, 674, 1030]
[5, 468, 692, 1023]
[5, 468, 723, 950]
[5, 468, 730, 932]
[5, 470, 664, 1034]
[5, 470, 665, 1033]
[5, 470, 667, 1032]
[5, 470, 669, 1031]
[5, 470, 672, 1030]
[5, 470, 691, 1022]
[5, 470, 692, 1021]
[5, 470, 694, 1020]
[5, 470, 720, 952]
[5, 470, 721, 950]
[5, 470, 722, 949]
[5, 470, 730, 930]
[5, 470, 731, 927]
[5, 486, 658, 1038]
[5, 486, 662, 1034]
[5, 486, 674, 1026]
[5, 486, 683, 1022]
[5, 486, 722, 941]
[5, 486, 726, 932]
[5, 487, 657, 1040]
[5, 487, 658, 1037]
[5, 487, 662, 1033]
[5, 487, 671, 1028]
[5, 487, 672, 1027]
[5, 487, 674, 1025]
[5, 487, 681, 1023]
[5, 487, 683, 1021]
[5, 487, 721, 941]
[5, 487, 723, 939]
[5, 487, 725, 932]
[5, 487, 727, 930]
[5, 487, 728, 929]
[5, 501, 641, 1040]
[5, 501, 638, 1041]
[5, 501, 694, 979]
[5, 501, 695, 976]
[5, 501, 706, 960]
[5, 501, 731, 896]
[5, 503, 640, 1040]
[5, 503, 684, 990]
[5, 503, 694, 978]
[5, 503, 705, 960]
[5, 503, 728, 913]
[5, 504, 641, 1038]
[5, 504, 683, 992]
[5, 504, 692, 979]
[5, 504, 727, 913]
[5, 504, 730, 896]
[5, 506, 640, 1037]
[5, 506, 681, 992]
[5, 506, 684, 988]
[5, 506, 691, 978]
[5, 506, 692, 977]
[5, 506, 695, 971]
[5, 506, 703, 960]
[5, 506, 725, 913]
[5, 506, 726, 912]
[5, 506, 730, 894]
[5, 506, 633, 1041]
[5, 506, 639, 1038]
[5, 507, 683, 990]
[5, 507, 692, 976]
[5, 507, 638, 1038]
[5, 508, 683, 989]
[5, 508, 691, 976]
[5, 508, 694, 973]
[5, 508, 635, 1040]
[5, 508, 638, 1037]
[5, 509, 681, 990]
[5, 509, 692, 974]
[5, 509, 694, 971]
[5, 509, 633, 1040]
[5, 509, 636, 1038]
[5, 513, 641, 1034]
[5, 513, 674, 992]
[5, 513, 677, 990]
[5, 513, 706, 957]
[5, 513, 723, 913]
[5, 513, 638, 1036]
[5, 515, 640, 1033]
[5, 515, 672, 992]
[5, 515, 675, 990]
[5, 515, 676, 989]
[5, 515, 694, 969]
[5, 515, 695, 966]
[5, 515, 704, 957]
[5, 515, 705, 956]
[5, 515, 721, 913]
[5, 515, 722, 912]
[5, 515, 731, 889]
[5, 515, 636, 1036]
[5, 515, 639, 1034]
[5, 516, 671, 990]
[5, 516, 674, 988]
[5, 516, 692, 968]
[5, 516, 635, 1034]
[5, 516, 638, 1032]
[5, 523, 674, 978]
[5, 523, 676, 976]
[5, 523, 699, 957]
[5, 523, 722, 896]
[5, 523, 624, 1034]
[5, 524, 672, 979]
[5, 524, 674, 977]
[5, 524, 675, 976]
[5, 524, 677, 974]
[5, 524, 684, 968]
[5, 524, 696, 960]
[5, 524, 699, 956]
[5, 524, 721, 896]
[5, 524, 723, 894]
[5, 524, 728, 891]
[5, 524, 618, 1041]
[5, 524, 619, 1040]
[5, 524, 624, 1033]
[5, 526, 669, 979]
[5, 526, 671, 978]
[5, 526, 676, 973]
[5, 526, 677, 971]
[5, 526, 683, 969]
[5, 526, 698, 957]
[5, 526, 720, 896]
[5, 526, 726, 891]
[5, 526, 727, 889]
[5, 526, 619, 1038]
[5, 526, 623, 1036]
[5, 526, 624, 1032]
[5, 527, 669, 976]
[5, 527, 674, 971]
[5, 527, 683, 966]
[5, 527, 618, 1038]
[5, 527, 623, 1034]
[5, 530, 662, 990]
[5, 530, 665, 976]
[5, 530, 699, 950]
[5, 530, 705, 941]
[5, 530, 638, 1026]
[5, 531, 662, 989]
[5, 531, 664, 976]
[5, 531, 666, 974]
[5, 531, 667, 973]
[5, 531, 698, 952]
[5, 531, 699, 949]
[5, 531, 704, 941]
[5, 531, 706, 939]
[5, 531, 623, 1031]
[5, 531, 635, 1028]
[5, 531, 636, 1027]
[5, 531, 638, 1025]
[5, 534, 657, 990]
[5, 534, 658, 988]
[5, 534, 665, 968]
[5, 534, 666, 966]
[5, 534, 696, 950]
[5, 534, 703, 932]
[5, 534, 705, 929]
[5, 534, 706, 927]
[5, 534, 618, 1030]
[5, 534, 633, 1023]
[5, 534, 635, 1022]
[5, 534, 638, 1020]
[6, 355, 788, 1041]
[6, 355, 794, 1036]
[6, 355, 802, 1028]
[6, 355, 807, 1022]
[6, 355, 722, 1077]
[6, 355, 728, 1072]
[6, 356, 788, 1039]
[6, 356, 792, 1035]
[6, 356, 801, 1026]
[6, 356, 805, 1022]
[6, 356, 722, 1075]
[6, 356, 726, 1071]
[6, 357, 786, 1040]
[6, 357, 787, 1038]
[6, 357, 788, 1037]
[6, 357, 791, 1034]
[6, 357, 792, 1033]
[6, 357, 794, 1032]
[6, 357, 798, 1028]
[6, 357, 799, 1026]
[6, 357, 800, 1025]
[6, 357, 803, 1022]
[6, 357, 804, 1021]
[6, 357, 806, 1020]
[6, 357, 720, 1076]
[6, 357, 721, 1074]
[6, 357, 722, 1073]
[6, 357, 725, 1070]
[6, 357, 726, 1069]
[6, 357, 728, 1068]
[6, 367, 801, 978]
[6, 367, 802, 975]
[6, 367, 722, 1050]
[6, 367, 741, 1036]
[6, 367, 744, 1035]
[6, 368, 799, 978]
[6, 368, 800, 977]
[6, 368, 802, 974]
[6, 368, 806, 969]
[6, 368, 807, 966]
[6, 368, 721, 1049]
[6, 368, 722, 1048]
[6, 368, 728, 1045]
[6, 368, 732, 1041]
[6, 368, 735, 1040]
[6, 368, 740, 1036]
[6, 368, 743, 1034]
[6, 368, 744, 1033]
[6, 370, 798, 975]
[6, 370, 800, 972]
[6, 370, 801, 971]
[6, 370, 804, 967]
[6, 370, 805, 966]
[6, 370, 720, 1047]
[6, 370, 722, 1046]
[6, 370, 726, 1044]
[6, 370, 732, 1039]
[6, 370, 733, 1038]
[6, 370, 737, 1035]
[6, 370, 738, 1034]
[6, 370, 741, 1032]
[6, 372, 794, 992]
[6, 372, 797, 978]
[6, 372, 705, 1077]
[6, 372, 744, 1031]
[6, 372, 758, 1028]
[6, 373, 792, 991]
[6, 373, 796, 975]
[6, 373, 705, 1075]
[6, 373, 741, 1030]
[6, 373, 757, 1026]
[6, 374, 791, 990]
[6, 374, 792, 989]
[6, 374, 794, 988]
[6, 374, 796, 974]
[6, 374, 797, 971]
[6, 374, 703, 1076]
[6, 374, 704, 1074]
[6, 374, 705, 1073]
[6, 374, 737, 1031]
[6, 374, 740, 1030]
[6, 374, 754, 1028]
[6, 374, 755, 1026]
[6, 374, 756, 1025]
[6, 382, 787, 978]
[6, 382, 788, 977]
[6, 382, 794, 969]
[6, 382, 735, 1028]
[6, 382, 743, 1022]
[6, 382, 744, 1021]
[6, 383, 786, 975]
[6, 383, 788, 972]
[6, 383, 792, 967]
[6, 383, 733, 1026]
[6, 383, 738, 1022]
[6, 383, 741, 1020]
[6, 399, 794, 958]
[6, 399, 673, 1077]
[6, 399, 801, 942]
[6, 399, 807, 931]
[6, 399, 684, 1071]
[6, 400, 788, 960]
[6, 400, 794, 957]
[6, 400, 800, 942]
[6, 400, 676, 1076]
[6, 400, 806, 934]
[6, 400, 684, 1070]
[6, 402, 792, 958]
[6, 402, 802, 940]
[6, 402, 676, 1075]
[6, 402, 805, 934]
[6, 402, 682, 1072]
[6, 403, 786, 960]
[6, 403, 791, 957]
[6, 403, 792, 956]
[6, 403, 669, 1077]
[6, 403, 798, 942]
[6, 403, 802, 939]
[6, 403, 675, 1074]
[6, 403, 676, 1073]
[6, 403, 803, 934]
[6, 403, 804, 933]
[6, 403, 807, 927]
[6, 403, 681, 1072]
[6, 403, 684, 1068]
[6, 405, 788, 959]
[6, 405, 792, 955]
[6, 405, 800, 940]
[6, 405, 673, 1074]
[6, 405, 804, 931]
[6, 405, 682, 1070]
[6, 406, 787, 959]
[6, 406, 791, 955]
[6, 406, 794, 954]
[6, 406, 670, 1076]
[6, 406, 799, 940]
[6, 406, 672, 1075]
[6, 406, 673, 1073]
[6, 406, 801, 939]
[6, 406, 803, 931]
[6, 406, 805, 930]
[6, 406, 806, 928]
[6, 406, 681, 1071]
[6, 406, 682, 1069]
[6, 430, 800, 895]
[6, 430, 673, 1049]
[6, 430, 676, 1047]
[6, 430, 741, 957]
[6, 430, 744, 955]
[6, 431, 799, 895]
[6, 431, 672, 1050]
[6, 431, 673, 1048]
[6, 431, 801, 894]
[6, 431, 675, 1047]
[6, 431, 806, 890]
[6, 431, 807, 888]
[6, 431, 684, 1044]
[6, 431, 733, 960]
[6, 431, 740, 958]
[6, 431, 741, 956]
[6, 431, 743, 955]
[6, 433, 669, 1050]
[6, 433, 798, 895]
[6, 433, 670, 1049]
[6, 433, 802, 893]
[6, 433, 676, 1046]
[6, 433, 804, 890]
[6, 433, 805, 889]
[6, 433, 682, 1045]
[6, 433, 735, 959]
[6, 433, 737, 958]
[6, 433, 738, 957]
[6, 433, 744, 954]
[6, 435, 794, 914]
[6, 435, 667, 1050]
[6, 435, 797, 895]
[6, 435, 741, 953]
[6, 435, 757, 942]
[6, 435, 637, 1077]
[6, 436, 640, 1076]
[6, 436, 794, 913]
[6, 436, 667, 1049]
[6, 436, 744, 952]
[6, 436, 756, 942]
[6, 438, 640, 1075]
[6, 438, 792, 914]
[6, 438, 665, 1050]
[6, 438, 796, 895]
[6, 438, 744, 951]
[6, 438, 758, 940]
[6, 439, 640, 1073]
[6, 439, 791, 913]
[6, 439, 664, 1049]
[6, 439, 665, 1048]
[6, 439, 792, 912]
[6, 439, 796, 894]
[6, 439, 737, 953]
[6, 439, 743, 950]
[6, 439, 744, 949]
[6, 439, 754, 942]
[6, 439, 758, 939]
[6, 439, 633, 1077]
[6, 439, 639, 1074]
[6, 441, 637, 1074]
[6, 441, 792, 911]
[6, 441, 665, 1047]
[6, 441, 741, 950]
[6, 441, 756, 940]
[6, 442, 637, 1073]
[6, 442, 791, 911]
[6, 442, 664, 1047]
[6, 442, 794, 910]
[6, 442, 667, 1046]
[6, 442, 797, 893]
[6, 442, 738, 952]
[6, 442, 740, 951]
[6, 442, 741, 949]
[6, 442, 755, 940]
[6, 442, 757, 939]
[6, 442, 634, 1076]
[6, 442, 636, 1075]
[6, 447, 640, 1071]
[6, 447, 788, 914]
[6, 447, 757, 934]
[6, 447, 758, 931]
[6, 447, 637, 1072]
[6, 448, 640, 1069]
[6, 448, 787, 913]
[6, 448, 788, 912]
[6, 448, 667, 1045]
[6, 448, 797, 889]
[6, 448, 732, 953]
[6, 448, 735, 952]
[6, 448, 755, 934]
[6, 448, 756, 933]
[6, 448, 758, 930]
[6, 448, 636, 1072]
[6, 448, 639, 1070]
[6, 450, 786, 911]
[6, 450, 788, 910]
[6, 450, 665, 1044]
[6, 450, 796, 888]
[6, 450, 732, 951]
[6, 450, 733, 950]
[6, 450, 754, 931]
[6, 450, 756, 928]
[6, 450, 757, 927]
[6, 450, 633, 1071]
[6, 450, 634, 1070]
[6, 450, 637, 1068]
[6, 457, 788, 895]
[6, 457, 741, 934]
[6, 457, 744, 931]
[6, 458, 787, 895]
[6, 458, 794, 890]
[6, 458, 733, 942]
[6, 458, 741, 933]
[6, 458, 743, 931]
[6, 459, 788, 894]
[6, 459, 794, 889]
[6, 459, 732, 942]
[6, 459, 740, 934]
[6, 459, 744, 930]
[6, 460, 786, 895]
[6, 460, 792, 890]
[6, 460, 735, 940]
[6, 460, 738, 934]
[6, 460, 744, 928]
[6, 461, 788, 893]
[6, 461, 792, 888]
[6, 461, 732, 940]
[6, 461, 737, 931]
[6, 461, 741, 927]
[6, 462, 665, 1041]
[6, 462, 684, 1030]
[6, 462, 695, 1026]
[6, 462, 726, 953]
[6, 462, 730, 942]
[6, 463, 667, 1039]
[6, 463, 682, 1031]
[6, 463, 693, 1028]
[6, 463, 728, 951]
[6, 463, 731, 940]
[6, 464, 665, 1040]
[6, 464, 667, 1038]
[6, 464, 692, 1028]
[6, 464, 694, 1026]
[6, 464, 726, 952]
[6, 464, 728, 950]
[6, 467, 667, 1036]
[6, 467, 676, 1031]
[6, 467, 695, 1022]
[6, 467, 722, 953]
[6, 467, 731, 934]
[6, 468, 665, 1035]
[6, 468, 673, 1030]
[6, 468, 693, 1022]
[6, 468, 722, 951]
[6, 468, 730, 931]
[6, 469, 664, 1034]
[6, 469, 665, 1033]
[6, 469, 667, 1032]
[6, 469, 669, 1031]
[6, 469, 672, 1030]
[6, 469, 691, 1022]
[6, 469, 692, 1021]
[6, 469, 694, 1020]
[6, 469, 720, 952]
[6, 469, 721, 950]
[6, 469, 722, 949]
[6, 469, 730, 930]
[6, 469, 731, 927]
[6, 484, 676, 1028]
[6, 484, 684, 1022]
[6, 484, 722, 942]
[6, 484, 728, 934]
[6, 485, 675, 1026]
[6, 485, 676, 1025]
[6, 485, 684, 1020]
[6, 485, 720, 942]
[6, 485, 725, 934]
[6, 485, 726, 933]
[6, 486, 673, 1026]
[6, 486, 682, 1022]
[6, 486, 722, 940]
[6, 486, 726, 931]
[6, 487, 670, 1028]
[6, 487, 673, 1025]
[6, 487, 682, 1021]
[6, 487, 721, 940]
[6, 487, 725, 931]
[6, 487, 728, 928]
[6, 488, 669, 1028]
[6, 488, 672, 1026]
[6, 488, 681, 1022]
[6, 488, 722, 939]
[6, 488, 726, 930]
[6, 488, 728, 927]
[6, 501, 684, 991]
[6, 501, 695, 975]
[6, 501, 728, 914]
[6, 501, 731, 895]
[6, 501, 637, 1041]
[6, 502, 640, 1040]
[6, 502, 684, 990]
[6, 502, 694, 978]
[6, 502, 705, 960]
[6, 502, 728, 913]
[6, 504, 640, 1039]
[6, 504, 682, 992]
[6, 504, 693, 978]
[6, 504, 726, 914]
[6, 504, 730, 895]
[6, 505, 640, 1037]
[6, 505, 681, 992]
[6, 505, 684, 988]
[6, 505, 691, 978]
[6, 505, 692, 977]
[6, 505, 695, 971]
[6, 505, 703, 960]
[6, 505, 725, 913]
[6, 505, 726, 912]
[6, 505, 730, 894]
[6, 505, 633, 1041]
[6, 505, 639, 1038]
[6, 507, 637, 1038]
[6, 507, 682, 990]
[6, 507, 692, 975]
[6, 507, 705, 959]
[6, 507, 726, 911]
[6, 508, 637, 1037]
[6, 508, 681, 991]
[6, 508, 682, 989]
[6, 508, 691, 975]
[6, 508, 693, 974]
[6, 508, 694, 972]
[6, 508, 704, 959]
[6, 508, 725, 911]
[6, 508, 728, 910]
[6, 508, 731, 893]
[6, 508, 634, 1040]
[6, 508, 636, 1039]
[6, 513, 640, 1035]
[6, 513, 673, 992]
[6, 513, 676, 991]
[6, 513, 705, 958]
[6, 513, 722, 914]
[6, 513, 637, 1036]
[6, 514, 640, 1033]
[6, 514, 672, 992]
[6, 514, 675, 990]
[6, 514, 676, 989]
[6, 514, 694, 969]
[6, 514, 695, 966]
[6, 514, 704, 957]
[6, 514, 705, 956]
[6, 514, 721, 913]
[6, 514, 722, 912]
[6, 514, 731, 889]
[6, 514, 636, 1036]
[6, 514, 639, 1034]
[6, 516, 669, 991]
[6, 516, 670, 990]
[6, 516, 673, 988]
[6, 516, 692, 967]
[6, 516, 693, 966]
[6, 516, 703, 955]
[6, 516, 705, 954]
[6, 516, 720, 911]
[6, 516, 722, 910]
[6, 516, 730, 888]
[6, 516, 633, 1035]
[6, 516, 634, 1034]
[6, 516, 637, 1032]
[6, 523, 673, 978]
[6, 523, 676, 975]
[6, 523, 722, 895]
[6, 524, 673, 977]
[6, 524, 675, 975]
[6, 524, 684, 967]
[6, 524, 721, 895]
[6, 524, 728, 890]
[6, 525, 672, 978]
[6, 525, 676, 974]
[6, 525, 684, 966]
[6, 525, 722, 894]
[6, 525, 728, 889]
[6, 526, 670, 978]
[6, 526, 676, 972]
[6, 526, 682, 969]
[6, 526, 720, 895]
[6, 526, 726, 890]
[6, 527, 669, 975]
[6, 527, 673, 971]
[6, 527, 682, 966]
[6, 527, 722, 893]
[6, 527, 726, 888]
[6, 528, 640, 1028]
[6, 528, 667, 978]
[6, 528, 705, 942]
[6, 529, 640, 1025]
[6, 529, 664, 978]
[6, 529, 665, 977]
[6, 529, 703, 942]
[6, 529, 639, 1026]
[6, 530, 637, 1026]
[6, 530, 665, 975]
[6, 530, 705, 940]
[6, 531, 637, 1025]
[6, 531, 664, 975]
[6, 531, 667, 972]
[6, 531, 704, 940]
[6, 531, 634, 1028]
[6, 532, 665, 974]
[6, 532, 667, 971]
[6, 532, 705, 939]
[6, 532, 633, 1028]
[6, 532, 636, 1026]
[6, 533, 640, 1021]
[6, 533, 667, 969]
[6, 533, 704, 934]
[6, 533, 705, 933]
[6, 533, 639, 1022]
[6, 534, 665, 967]
[6, 534, 703, 931]
[6, 534, 705, 928]
[6, 534, 634, 1022]
[6, 534, 637, 1020]
